9E 2013 10135	2	3
9E 2013 10208	0	2
9E 2013 10257	3	5
9E 2013 10397	18	18
9E 2013 10408	4	8
9E 2013 10431	2	2
9E 2013 10434	3	3
9E 2013 10469	4	7
9E 2013 10529	3	5
9E 2013 10577	0	2
9E 2013 10581	0	0
9E 2013 10599	0	3
9E 2013 10620	1	1
9E 2013 10627	3	6
9E 2013 10685	2	3
9E 2013 10693	3	4
9E 2013 10713	0	1
9E 2013 10721	7	8
9E 2013 10785	1	3
9E 2013 10792	8	8
9E 2013 10821	9	9
9E 2013 10849	1	1
9E 2013 10868	1	1
9E 2013 10874	2	4
9E 2013 10980	2	3
9E 2013 10994	1	2
9E 2013 11003	5	8
9E 2013 11013	1	2
9E 2013 11042	5	7
9E 2013 11057	1	1
9E 2013 11066	3	6
9E 2013 11146	0	2
9E 2013 11193	45	56
9E 2013 11203	3	5
9E 2013 11259	0	1
9E 2013 11267	6	7
9E 2013 11278	2	3
9E 2013 11292	1	1
9E 2013 11298	1	6
9E 2013 11337	0	1
9E 2013 11423	8	11
9E 2013 11433	143	221
9E 2013 11481	0	1
9E 2013 11537	0	1
9E 2013 11577	2	2
9E 2013 11587	1	2
9E 2013 11612	0	3
9E 2013 11618	2	3
9E 2013 11637	0	2
9E 2013 11697	0	1
9E 2013 11721	0	5
9E 2013 11775	0	1
9E 2013 11823	5	5
9E 2013 11884	1	1
9E 2013 11898	0	6
9E 2013 11973	1	1
9E 2013 11977	7	8
9E 2013 11982	0	1
9E 2013 11986	0	2
9E 2013 11995	0	3
9E 2013 11996	1	5
9E 2013 12156	0	1
9E 2013 12191	1	2
9E 2013 12197	3	3
9E 2013 12217	0	2
9E 2013 12264	1	3
9E 2013 12266	1	4
9E 2013 12278	1	1
9E 2013 12339	6	6
9E 2013 12397	1	3
9E 2013 12448	1	1
9E 2013 12451	1	2
9E 2013 12478	14	35
9E 2013 12884	4	5
9E 2013 12945	1	1
9E 2013 12953	1	2
9E 2013 12992	1	1
9E 2013 13029	3	3
9E 2013 13076	0	2
9E 2013 13184	2	6
9E 2013 13198	3	7
9E 2013 13204	2	2
9E 2013 13230	2	2
9E 2013 13232	7	8
9E 2013 13244	5	21
9E 2013 13296	1	4
9E 2013 13342	2	5
9E 2013 13367	2	6
9E 2013 13377	1	1
9E 2013 13422	1	1
9E 2013 13433	0	1
9E 2013 13459	2	2
9E 2013 13485	1	7
9E 2013 13487	22	90
9E 2013 13495	0	3
9E 2013 13541	0	1
9E 2013 13577	1	1
9E 2013 13851	2	2
9E 2013 13871	1	1
9E 2013 13930	7	12
9E 2013 13931	1	2
9E 2013 14100	5	10
9E 2013 14107	0	1
9E 2013 14108	2	3
9E 2013 14122	5	5
9E 2013 14150	0	1
9E 2013 14252	2	2
9E 2013 14307	0	4
9E 2013 14321	2	3
9E 2013 14457	1	1
9E 2013 14492	10	11
9E 2013 14524	6	6
9E 2013 14574	1	2
9E 2013 14576	2	5
9E 2013 14633	1	2
9E 2013 14635	2	2
9E 2013 14683	0	1
9E 2013 14685	0	1
9E 2013 14696	4	8
9E 2013 14711	3	3
9E 2013 14730	2	2
9E 2013 14869	3	7
9E 2013 14893	1	1
9E 2013 14986	0	1
9E 2013 15016	1	3
9E 2013 15070	1	3
9E 2013 15096	3	4
9E 2013 15249	1	1
9E 2013 15304	1	1
9E 2013 15370	2	2
9E 2013 15376	1	1
9E 2013 15380	1	1
9E 2013 15412	4	9
9E 2013 15624	1	1
9E 2013 15919	3	3
9E 2013 16440	0	5
AA 2013 10140	4	7
AA 2013 10299	0	1
AA 2013 10397	8	14
AA 2013 10529	1	4
AA 2013 10599	0	2
AA 2013 10693	2	11
AA 2013 10721	2	33
AA 2013 10821	1	7
AA 2013 11042	1	3
AA 2013 11057	2	3
AA 2013 11066	2	4
AA 2013 11109	5	5
AA 2013 11140	1	2
AA 2013 11267	0	3
AA 2013 11278	22	32
AA 2013 11292	11	11
AA 2013 11298	336	436
AA 2013 11423	2	2
AA 2013 11433	0	7
AA 2013 11503	5	6
AA 2013 11540	4	7
AA 2013 11618	6	10
AA 2013 11638	1	2
AA 2013 11697	4	6
AA 2013 12012	0	1
AA 2013 12094	2	2
AA 2013 12173	4	7
AA 2013 12217	0	2
AA 2013 12264	9	9
AA 2013 12266	3	14
AA 2013 12278	0	3
AA 2013 12339	2	5
AA 2013 12441	0	1
AA 2013 12451	3	4
AA 2013 12478	26	35
AA 2013 12758	0	1
AA 2013 12889	27	27
AA 2013 12892	24	85
AA 2013 12896	0	3
AA 2013 12953	46	46
AA 2013 12982	0	2
AA 2013 12992	2	2
AA 2013 13198	0	9
AA 2013 13204	11	27
AA 2013 13244	3	4
AA 2013 13256	1	5
AA 2013 13303	66	135
AA 2013 13342	1	2
AA 2013 13487	10	11
AA 2013 13495	6	9
AA 2013 13502	0	1
AA 2013 13830	1	3
AA 2013 13851	3	7
AA 2013 13871	3	5
AA 2013 13891	2	4
AA 2013 13930	18	149
AA 2013 13931	1	2
AA 2013 14027	2	6
AA 2013 14057	1	4
AA 2013 14100	1	11
AA 2013 14107	11	16
AA 2013 14122	0	4
AA 2013 14262	1	1
AA 2013 14492	6	11
AA 2013 14524	1	3
AA 2013 14570	0	3
AA 2013 14635	2	7
AA 2013 14679	3	13
AA 2013 14683	7	15
AA 2013 14730	1	2
AA 2013 14747	12	15
AA 2013 14771	2	28
AA 2013 14831	6	6
AA 2013 14843	10	12
AA 2013 14869	4	4
AA 2013 14893	1	4
AA 2013 14908	4	13
AA 2013 15016	19	27
AA 2013 15024	0	4
AA 2013 15027	1	1
AA 2013 15304	7	16
AA 2013 15370	0	8
AA 2013 15376	0	8
AA 2013 15919	0	2
AA 2013 16440	5	20
AA 2014 10140	2	8
AA 2014 10299	0	1
AA 2014 10397	0	12
AA 2014 10529	4	5
AA 2014 10599	2	2
AA 2014 10693	2	11
AA 2014 10721	14	32
AA 2014 10821	1	8
AA 2014 11042	0	3
AA 2014 11057	11	12
AA 2014 11066	4	5
AA 2014 11109	2	5
AA 2014 11140	1	2
AA 2014 11267	1	3
AA 2014 11278	19	28
AA 2014 11292	7	13
AA 2014 11298	334	419
AA 2014 11423	2	2
AA 2014 11433	3	7
AA 2014 11503	3	6
AA 2014 11540	5	6
AA 2014 11618	0	7
AA 2014 11638	1	2
AA 2014 11697	3	7
AA 2014 12012	1	1
AA 2014 12094	1	1
AA 2014 12173	7	7
AA 2014 12191	1	3
AA 2014 12217	0	1
AA 2014 12264	4	6
AA 2014 12266	9	12
AA 2014 12278	2	4
AA 2014 12339	1	5
AA 2014 12441	0	1
AA 2014 12451	4	4
AA 2014 12478	43	43
AA 2014 12758	1	1
AA 2014 12889	12	27
AA 2014 12892	23	88
AA 2014 12896	1	3
AA 2014 12953	1	39
AA 2014 12982	1	2
AA 2014 12992	1	3
AA 2014 13198	6	8
AA 2014 13204	17	28
AA 2014 13244	3	5
AA 2014 13256	0	5
AA 2014 13303	34	116
AA 2014 13342	0	2
AA 2014 13487	6	6
AA 2014 13495	9	9
AA 2014 13502	0	1
AA 2014 13830	1	4
AA 2014 13851	0	7
AA 2014 13871	3	4
AA 2014 13891	5	5
AA 2014 13930	58	148
AA 2014 13931	2	2
AA 2014 14027	1	6
AA 2014 14057	3	6
AA 2014 14100	6	9
AA 2014 14107	7	15
AA 2014 14122	5	5
AA 2014 14193	1	2
AA 2014 14262	4	4
AA 2014 14492	1	12
AA 2014 14524	0	3
AA 2014 14570	2	3
AA 2014 14635	1	6
AA 2014 14679	2	13
AA 2014 14683	7	15
AA 2014 14730	3	4
AA 2014 14747	12	14
AA 2014 14771	4	30
AA 2014 14831	4	7
AA 2014 14843	9	13
AA 2014 14869	6	6
AA 2014 14893	0	4
AA 2014 14908	4	12
AA 2014 15016	17	17
AA 2014 15024	3	3
AA 2014 15027	2	2
AA 2014 15304	11	16
AA 2014 15370	6	8
AA 2014 15376	0	9
AA 2014 15919	5	6
AA 2014 16440	23	23
AA 2015 10140	2	4
AA 2015 10397	14	14
AA 2015 10529	0	3
AA 2015 10599	2	2
AA 2015 10693	10	10
AA 2015 10721	6	23
AA 2015 10821	5	7
AA 2015 11042	1	3
AA 2015 11057	4	14
AA 2015 11066	0	4
AA 2015 11109	2	2
AA 2015 11267	2	3
AA 2015 11278	13	27
AA 2015 11292	13	13
AA 2015 11298	125	406
AA 2015 11423	1	2
AA 2015 11433	3	7
AA 2015 11503	2	8
AA 2015 11540	3	4
AA 2015 11618	11	11
AA 2015 11638	2	2
AA 2015 11697	3	10
AA 2015 12012	1	1
AA 2015 12094	0	1
AA 2015 12173	0	5
AA 2015 12191	1	2
AA 2015 12264	1	7
AA 2015 12266	13	15
AA 2015 12278	0	2
AA 2015 12339	5	6
AA 2015 12441	0	1
AA 2015 12451	1	3
AA 2015 12478	20	44
AA 2015 12758	1	1
AA 2015 12889	14	28
AA 2015 12892	39	86
AA 2015 12953	20	41
AA 2015 12982	0	2
AA 2015 12992	1	2
AA 2015 13198	7	7
AA 2015 13204	24	30
AA 2015 13244	0	2
AA 2015 13256	3	5
AA 2015 13303	86	140
AA 2015 13342	2	4
AA 2015 13487	8	12
AA 2015 13495	3	8
AA 2015 13502	0	1
AA 2015 13830	3	4
AA 2015 13851	0	6
AA 2015 13871	4	5
AA 2015 13891	0	4
AA 2015 13930	124	128
AA 2015 13931	0	1
AA 2015 14027	0	5
AA 2015 14057	4	4
AA 2015 14100	0	9
AA 2015 14107	9	17
AA 2015 14122	3	3
AA 2015 14262	3	4
AA 2015 14492	5	11
AA 2015 14524	1	2
AA 2015 14570	1	3
AA 2015 14635	1	6
AA 2015 14679	4	16
AA 2015 14683	6	15
AA 2015 14730	1	1
AA 2015 14747	10	12
AA 2015 14771	25	30
AA 2015 14831	6	6
AA 2015 14843	9	12
AA 2015 14869	6	6
AA 2015 14893	1	4
AA 2015 14908	6	15
AA 2015 15016	15	15
AA 2015 15024	0	4
AA 2015 15027	1	2
AA 2015 15304	4	17
AA 2015 15370	0	8
AA 2015 15376	1	9
AA 2015 16440	13	22
AS 2013 10165	0	1
AS 2013 10170	2	2
AS 2013 10245	0	1
AS 2013 10299	7	49
AS 2013 10397	0	2
AS 2013 10551	0	3
AS 2013 10666	2	2
AS 2013 10721	3	4
AS 2013 10754	1	3
AS 2013 10800	1	3
AS 2013 10926	2	2
AS 2013 11278	3	4
AS 2013 11292	1	3
AS 2013 11298	3	4
AS 2013 11336	1	1
AS 2013 11618	1	2
AS 2013 11630	4	10
AS 2013 11697	0	1
AS 2013 11884	1	3
AS 2013 11997	0	1
AS 2013 12173	6	9
AS 2013 12266	1	1
AS 2013 12523	5	10
AS 2013 12758	3	4
AS 2013 12819	5	6
AS 2013 12889	4	13
AS 2013 12892	13	20
AS 2013 12982	2	2
AS 2013 13198	0	1
AS 2013 13204	1	1
AS 2013 13487	0	2
AS 2013 13796	7	7
AS 2013 13830	0	6
AS 2013 13873	1	2
AS 2013 13891	2	3
AS 2013 13930	1	5
AS 2013 13970	1	2
AS 2013 14057	6	28
AS 2013 14100	1	1
AS 2013 14107	4	6
AS 2013 14256	0	2
AS 2013 14262	1	3
AS 2013 14679	8	15
AS 2013 14683	0	1
AS 2013 14709	2	3
AS 2013 14747	119	123
AS 2013 14771	10	12
AS 2013 14828	2	3
AS 2013 14831	4	11
AS 2013 14869	1	2
AS 2013 14893	0	6
AS 2013 14908	7	10
AS 2013 15016	0	1
AS 2013 15376	0	1
AS 2013 15841	1	2
AS 2013 15991	1	2
AS 2013 16440	0	1
AS 2014 10140	1	1
AS 2014 10165	1	1
AS 2014 10170	0	1
AS 2014 10245	1	1
AS 2014 10299	42	43
AS 2014 10397	1	1
AS 2014 10551	2	3
AS 2014 10666	2	3
AS 2014 10721	0	3
AS 2014 10754	2	2
AS 2014 10800	1	3
AS 2014 10821	0	1
AS 2014 10926	2	2
AS 2014 11278	2	4
AS 2014 11292	2	4
AS 2014 11298	0	3
AS 2014 11336	0	1
AS 2014 11433	1	1
AS 2014 11618	1	2
AS 2014 11630	4	5
AS 2014 11697	1	1
AS 2014 11884	0	5
AS 2014 11997	0	1
AS 2014 12173	7	7
AS 2014 12266	1	1
AS 2014 12523	1	10
AS 2014 12758	2	3
AS 2014 12819	5	6
AS 2014 12889	2	13
AS 2014 12892	7	23
AS 2014 12982	1	3
AS 2014 13198	1	1
AS 2014 13204	1	2
AS 2014 13487	0	1
AS 2014 13495	1	1
AS 2014 13796	1	7
AS 2014 13830	5	8
AS 2014 13873	1	2
AS 2014 13891	1	2
AS 2014 13930	3	4
AS 2014 13970	2	2
AS 2014 14057	34	38
AS 2014 14100	1	1
AS 2014 14107	5	8
AS 2014 14256	2	2
AS 2014 14262	5	6
AS 2014 14679	12	15
AS 2014 14683	1	1
AS 2014 14709	0	3
AS 2014 14747	40	123
AS 2014 14771	3	12
AS 2014 14828	2	4
AS 2014 14831	4	13
AS 2014 14869	1	7
AS 2014 14893	4	7
AS 2014 14908	8	10
AS 2014 15016	1	1
AS 2014 15304	1	1
AS 2014 15376	0	1
AS 2014 15841	1	1
AS 2014 15991	2	2
AS 2014 16440	0	1
AS 2015 10140	1	1
AS 2015 10165	1	1
AS 2015 10170	0	1
AS 2015 10299	2	27
AS 2015 10397	0	1
AS 2015 10551	2	3
AS 2015 10666	2	2
AS 2015 10721	2	3
AS 2015 10754	1	2
AS 2015 10800	1	3
AS 2015 10821	0	1
AS 2015 10926	1	2
AS 2015 11278	2	4
AS 2015 11292	0	4
AS 2015 11298	2	4
AS 2015 11433	0	1
AS 2015 11618	1	2
AS 2015 11630	2	5
AS 2015 11697	1	1
AS 2015 11884	3	5
AS 2015 12173	2	6
AS 2015 12266	1	1
AS 2015 12523	9	10
AS 2015 12758	2	4
AS 2015 12819	3	6
AS 2015 12889	10	12
AS 2015 12892	16	21
AS 2015 12982	0	4
AS 2015 13198	1	1
AS 2015 13204	0	1
AS 2015 13487	0	1
AS 2015 13495	1	1
AS 2015 13796	1	5
AS 2015 13830	2	9
AS 2015 13873	1	2
AS 2015 13891	1	3
AS 2015 13930	1	3
AS 2015 13970	2	2
AS 2015 14057	31	38
AS 2015 14100	1	1
AS 2015 14107	3	6
AS 2015 14256	1	2
AS 2015 14262	1	4
AS 2015 14679	9	14
AS 2015 14683	1	1
AS 2015 14709	1	3
AS 2015 14747	65	132
AS 2015 14771	14	14
AS 2015 14828	1	3
AS 2015 14831	10	13
AS 2015 14869	2	7
AS 2015 14893	2	5
AS 2015 14908	3	9
AS 2015 15016	1	1
AS 2015 15304	1	1
AS 2015 15376	0	1
AS 2015 15841	1	2
AS 2015 15991	1	2
AS 2015 16440	0	1
B6 2013 10140	1	1
B6 2013 10154	1	2
B6 2013 10299	0	1
B6 2013 10529	2	5
B6 2013 10721	79	104
B6 2013 10732	2	3
B6 2013 10785	1	4
B6 2013 10792	9	9
B6 2013 10800	0	1
B6 2013 10821	1	6
B6 2013 10994	2	3
B6 2013 11057	2	4
B6 2013 11278	12	18
B6 2013 11292	2	3
B6 2013 11298	3	3
B6 2013 11618	9	19
B6 2013 11697	3	43
B6 2013 12191	4	4
B6 2013 12197	4	8
B6 2013 12264	3	8
B6 2013 12451	1	4
B6 2013 12478	67	118
B6 2013 12889	0	7
B6 2013 12892	2	10
B6 2013 12953	6	16
B6 2013 12954	6	25
B6 2013 13204	40	55
B6 2013 13495	3	3
B6 2013 13541	1	1
B6 2013 13796	3	5
B6 2013 13930	4	4
B6 2013 13933	2	2
B6 2013 14027	14	26
B6 2013 14057	1	4
B6 2013 14100	3	5
B6 2013 14107	2	2
B6 2013 14122	1	3
B6 2013 14254	2	2
B6 2013 14307	1	3
B6 2013 14321	2	3
B6 2013 14492	2	7
B6 2013 14524	1	5
B6 2013 14576	1	4
B6 2013 14635	14	15
B6 2013 14679	2	4
B6 2013 14747	2	4
B6 2013 14771	4	11
B6 2013 14831	2	2
B6 2013 14843	20	27
B6 2013 14869	1	3
B6 2013 14893	3	3
B6 2013 14986	4	4
B6 2013 15024	3	3
B6 2013 15027	1	1
B6 2013 15070	0	2
B6 2013 15096	4	5
B6 2013 15304	3	18
B6 2013 16440	7	7
B6 2014 10140	1	1
B6 2014 10154	2	3
B6 2014 10299	1	2
B6 2014 10529	3	8
B6 2014 10721	92	112
B6 2014 10732	0	3
B6 2014 10785	1	3
B6 2014 10792	8	11
B6 2014 10800	0	1
B6 2014 10821	4	6
B6 2014 10994	2	3
B6 2014 11057	2	4
B6 2014 11278	3	18
B6 2014 11292	0	3
B6 2014 11298	1	3
B6 2014 11433	2	3
B6 2014 11618	17	20
B6 2014 11697	11	44
B6 2014 12191	1	4
B6 2014 12197	4	10
B6 2014 12250	1	1
B6 2014 12264	4	7
B6 2014 12451	5	7
B6 2014 12478	96	114
B6 2014 12889	4	7
B6 2014 12892	5	8
B6 2014 12953	17	19
B6 2014 12954	30	30
B6 2014 13204	25	54
B6 2014 13495	3	4
B6 2014 13541	2	2
B6 2014 13796	4	6
B6 2014 13930	0	5
B6 2014 13933	0	1
B6 2014 14027	0	20
B6 2014 14057	1	3
B6 2014 14100	3	5
B6 2014 14107	2	2
B6 2014 14122	3	4
B6 2014 14254	3	3
B6 2014 14307	2	3
B6 2014 14321	2	3
B6 2014 14492	3	6
B6 2014 14524	3	5
B6 2014 14576	2	3
B6 2014 14635	2	5
B6 2014 14679	3	3
B6 2014 14685	0	3
B6 2014 14747	2	9
B6 2014 14771	9	9
B6 2014 14831	1	2
B6 2014 14843	14	25
B6 2014 14869	3	4
B6 2014 14893	2	2
B6 2014 14986	1	2
B6 2014 15024	1	4
B6 2014 15027	0	1
B6 2014 15070	1	2
B6 2014 15096	1	4
B6 2014 15304	13	14
B6 2014 16440	3	7
B6 2015 10140	0	1
B6 2015 10529	7	10
B6 2015 10721	9	105
B6 2015 10732	2	2
B6 2015 10785	2	3
B6 2015 10792	2	10
B6 2015 10800	1	1
B6 2015 10821	1	1
B6 2015 10994	2	5
B6 2015 11057	2	4
B6 2015 11278	25	25
B6 2015 11292	0	3
B6 2015 11298	0	2
B6 2015 11433	3	3
B6 2015 11618	7	21
B6 2015 11697	43	50
B6 2015 12191	1	2
B6 2015 12197	4	11
B6 2015 12264	3	6
B6 2015 12451	6	8
B6 2015 12478	7	123
B6 2015 12889	3	9
B6 2015 12892	10	12
B6 2015 12953	9	19
B6 2015 12954	3	21
B6 2015 13204	10	53
B6 2015 13495	3	3
B6 2015 13796	0	3
B6 2015 13930	3	4
B6 2015 13933	1	2
B6 2015 14027	14	24
B6 2015 14057	2	3
B6 2015 14100	2	5
B6 2015 14107	2	2
B6 2015 14122	4	5
B6 2015 14254	3	3
B6 2015 14307	2	3
B6 2015 14321	0	3
B6 2015 14492	1	7
B6 2015 14524	4	7
B6 2015 14576	2	3
B6 2015 14635	2	14
B6 2015 14679	1	2
B6 2015 14685	1	3
B6 2015 14747	2	5
B6 2015 14771	2	11
B6 2015 14831	2	2
B6 2015 14843	16	36
B6 2015 14869	2	4
B6 2015 14893	2	2
B6 2015 14986	2	3
B6 2015 15024	2	3
B6 2015 15027	1	1
B6 2015 15070	0	2
B6 2015 15096	2	4
B6 2015 15304	16	17
B6 2015 16440	3	6
DL 2013 10140	0	5
DL 2013 10208	1	1
DL 2013 10257	1	2
DL 2013 10299	0	3
DL 2013 10397	483	591
DL 2013 10408	0	0
DL 2013 10431	1	1
DL 2013 10529	4	8
DL 2013 10599	3	5
DL 2013 10620	1	1
DL 2013 10627	0	0
DL 2013 10685	1	1
DL 2013 10693	0	7
DL 2013 10713	0	2
DL 2013 10721	19	29
DL 2013 10781	0	1
DL 2013 10785	1	1
DL 2013 10792	0	6
DL 2013 10821	0	21
DL 2013 10849	0	2
DL 2013 10868	2	3
DL 2013 10874	1	2
DL 2013 10980	0	1
DL 2013 10994	10	11
DL 2013 11042	1	5
DL 2013 11057	12	17
DL 2013 11066	6	10
DL 2013 11109	0	1
DL 2013 11146	0	1
DL 2013 11193	21	21
DL 2013 11252	3	4
DL 2013 11267	2	5
DL 2013 11278	2	21
DL 2013 11292	18	18
DL 2013 11298	9	16
DL 2013 11423	1	2
DL 2013 11433	5	143
DL 2013 11481	1	3
DL 2013 11503	2	2
DL 2013 11540	1	2
DL 2013 11618	14	15
DL 2013 11624	1	2
DL 2013 11630	1	1
DL 2013 11637	1	1
DL 2013 11641	0	1
DL 2013 11648	1	1
DL 2013 11697	21	22
DL 2013 11721	1	2
DL 2013 11775	1	1
DL 2013 11884	3	6
DL 2013 11973	1	3
DL 2013 11977	0	1
DL 2013 11986	3	7
DL 2013 11995	0	5
DL 2013 11996	1	3
DL 2013 12094	0	1
DL 2013 12173	7	7
DL 2013 12191	5	5
DL 2013 12206	0	1
DL 2013 12217	2	3
DL 2013 12264	2	5
DL 2013 12266	4	8
DL 2013 12278	1	1
DL 2013 12323	1	1
DL 2013 12339	10	15
DL 2013 12441	0	2
DL 2013 12448	3	4
DL 2013 12451	9	12
DL 2013 12478	33	57
DL 2013 12758	1	1
DL 2013 12889	17	38
DL 2013 12892	11	59
DL 2013 12945	1	1
DL 2013 12953	26	64
DL 2013 12954	0	1
DL 2013 12982	1	1
DL 2013 12992	5	6
DL 2013 13198	12	15
DL 2013 13204	8	46
DL 2013 13230	1	1
DL 2013 13232	2	6
DL 2013 13244	12	23
DL 2013 13296	0	1
DL 2013 13303	6	24
DL 2013 13342	9	17
DL 2013 13360	2	4
DL 2013 13367	0	1
DL 2013 13422	1	1
DL 2013 13433	0	1
DL 2013 13485	3	3
DL 2013 13486	1	1
DL 2013 13487	38	123
DL 2013 13495	12	19
DL 2013 13502	0	1
DL 2013 13577	1	1
DL 2013 13796	2	4
DL 2013 13830	2	2
DL 2013 13851	1	1
DL 2013 13871	0	6
DL 2013 13891	1	1
DL 2013 13930	8	17
DL 2013 13931	3	7
DL 2013 14027	9	14
DL 2013 14057	0	11
DL 2013 14098	0	1
DL 2013 14100	4	17
DL 2013 14107	21	21
DL 2013 14122	7	10
DL 2013 14193	1	7
DL 2013 14262	1	1
DL 2013 14307	2	3
DL 2013 14321	1	1
DL 2013 14457	1	1
DL 2013 14492	15	15
DL 2013 14524	7	9
DL 2013 14570	1	2
DL 2013 14574	0	1
DL 2013 14576	2	3
DL 2013 14635	8	14
DL 2013 14679	7	19
DL 2013 14683	8	9
DL 2013 14685	4	9
DL 2013 14696	0	0
DL 2013 14730	5	6
DL 2013 14747	19	27
DL 2013 14771	16	19
DL 2013 14831	0	4
DL 2013 14843	3	7
DL 2013 14869	3	64
DL 2013 14893	4	7
DL 2013 14908	3	7
DL 2013 14986	7	7
DL 2013 15016	8	12
DL 2013 15024	1	1
DL 2013 15096	0	2
DL 2013 15249	2	2
DL 2013 15304	24	26
DL 2013 15323	0	0
DL 2013 15370	1	2
DL 2013 15376	3	3
DL 2013 15380	1	2
DL 2013 15412	1	2
DL 2013 15624	1	2
DL 2013 15919	3	4
DL 2013 16440	0	6
DL 2014 10135	1	1
DL 2014 10140	2	3
DL 2014 10208	1	1
DL 2014 10257	1	1
DL 2014 10299	3	3
DL 2014 10397	542	544
DL 2014 10408	1	1
DL 2014 10431	3	3
DL 2014 10434	1	1
DL 2014 10529	0	9
DL 2014 10599	7	8
DL 2014 10620	1	2
DL 2014 10627	1	1
DL 2014 10693	0	7
DL 2014 10713	5	6
DL 2014 10721	3	32
DL 2014 10781	0	1
DL 2014 10785	1	1
DL 2014 10792	0	8
DL 2014 10821	6	14
DL 2014 10849	2	5
DL 2014 10868	0	2
DL 2014 10874	2	4
DL 2014 10980	0	1
DL 2014 10990	0	1
DL 2014 10994	3	9
DL 2014 11042	6	6
DL 2014 11057	0	11
DL 2014 11066	11	11
DL 2014 11109	0	1
DL 2014 11146	1	1
DL 2014 11193	13	19
DL 2014 11252	3	4
DL 2014 11259	2	5
DL 2014 11267	4	4
DL 2014 11278	0	27
DL 2014 11292	0	20
DL 2014 11298	14	18
DL 2014 11337	0	1
DL 2014 11423	1	3
DL 2014 11433	84	94
DL 2014 11481	2	6
DL 2014 11503	1	1
DL 2014 11540	0	2
DL 2014 11612	0	1
DL 2014 11618	1	17
DL 2014 11624	4	4
DL 2014 11630	0	1
DL 2014 11637	0	1
DL 2014 11641	0	1
DL 2014 11648	0	2
DL 2014 11697	1	29
DL 2014 11721	2	3
DL 2014 11775	0	1
DL 2014 11884	2	4
DL 2014 11953	1	1
DL 2014 11973	4	4
DL 2014 11977	2	3
DL 2014 11986	3	8
DL 2014 11995	3	7
DL 2014 11996	0	6
DL 2014 12094	0	1
DL 2014 12173	6	10
DL 2014 12191	5	6
DL 2014 12206	0	1
DL 2014 12217	5	6
DL 2014 12264	7	7
DL 2014 12266	6	11
DL 2014 12278	1	1
DL 2014 12323	1	1
DL 2014 12339	1	14
DL 2014 12441	0	0
DL 2014 12448	1	7
DL 2014 12451	7	12
DL 2014 12478	45	63
DL 2014 12523	1	1
DL 2014 12758	1	1
DL 2014 12889	0	33
DL 2014 12892	36	63
DL 2014 12945	3	3
DL 2014 12951	1	1
DL 2014 12953	43	81
DL 2014 12982	0	1
DL 2014 12992	6	6
DL 2014 13198	11	16
DL 2014 13204	9	44
DL 2014 13230	3	3
DL 2014 13232	5	5
DL 2014 13244	8	15
DL 2014 13296	2	2
DL 2014 13303	22	22
DL 2014 13342	14	17
DL 2014 13360	0	3
DL 2014 13367	1	1
DL 2014 13422	1	2
DL 2014 13433	1	1
DL 2014 13485	0	7
DL 2014 13486	0	1
DL 2014 13487	118	141
DL 2014 13495	13	17
DL 2014 13502	0	1
DL 2014 13577	0	1
DL 2014 13796	0	3
DL 2014 13830	1	2
DL 2014 13851	4	5
DL 2014 13871	0	7
DL 2014 13891	1	1
DL 2014 13930	10	13
DL 2014 13931	3	8
DL 2014 14027	6	16
DL 2014 14057	1	14
DL 2014 14100	11	22
DL 2014 14107	0	23
DL 2014 14122	6	8
DL 2014 14193	2	7
DL 2014 14252	1	1
DL 2014 14262	0	0
DL 2014 14307	2	3
DL 2014 14321	3	3
DL 2014 14457	1	1
DL 2014 14492	19	19
DL 2014 14524	0	8
DL 2014 14570	3	3
DL 2014 14574	0	0
DL 2014 14576	3	3
DL 2014 14635	9	22
DL 2014 14679	7	17
DL 2014 14683	0	9
DL 2014 14685	10	10
DL 2014 14696	1	1
DL 2014 14730	7	7
DL 2014 14747	21	24
DL 2014 14771	0	22
DL 2014 14783	1	2
DL 2014 14814	1	2
DL 2014 14831	0	4
DL 2014 14843	8	8
DL 2014 14869	30	102
DL 2014 14893	2	4
DL 2014 14908	7	7
DL 2014 14986	2	6
DL 2014 15016	3	11
DL 2014 15024	0	3
DL 2014 15027	0	1
DL 2014 15096	1	3
DL 2014 15249	0	6
DL 2014 15304	17	28
DL 2014 15323	1	1
DL 2014 15370	0	1
DL 2014 15376	1	2
DL 2014 15380	0	0
DL 2014 15412	0	4
DL 2014 15624	3	4
DL 2014 15919	1	1
DL 2014 16440	0	11
DL 2015 10135	1	1
DL 2015 10140	0	3
DL 2015 10208	0	1
DL 2015 10257	1	2
DL 2015 10299	3	4
DL 2015 10397	506	650
DL 2015 10408	1	1
DL 2015 10431	0	2
DL 2015 10434	0	1
DL 2015 10529	3	10
DL 2015 10599	0	8
DL 2015 10620	0	3
DL 2015 10627	0	0
DL 2015 10693	13	13
DL 2015 10713	1	3
DL 2015 10721	20	27
DL 2015 10781	0	1
DL 2015 10792	6	6
DL 2015 10821	2	18
DL 2015 10849	2	3
DL 2015 10868	1	3
DL 2015 10874	3	4
DL 2015 10980	0	0
DL 2015 10990	0	1
DL 2015 10994	1	9
DL 2015 11042	5	7
DL 2015 11057	0	20
DL 2015 11066	2	7
DL 2015 11109	0	1
DL 2015 11146	1	1
DL 2015 11193	4	25
DL 2015 11252	3	3
DL 2015 11259	3	5
DL 2015 11267	2	4
DL 2015 11278	9	15
DL 2015 11292	13	19
DL 2015 11298	8	14
DL 2015 11337	1	1
DL 2015 11423	2	3
DL 2015 11433	45	132
DL 2015 11481	0	0
DL 2015 11503	1	1
DL 2015 11540	0	2
DL 2015 11612	1	1
DL 2015 11618	0	15
DL 2015 11624	0	4
DL 2015 11637	1	2
DL 2015 11641	0	1
DL 2015 11697	3	28
DL 2015 11721	2	3
DL 2015 11775	1	1
DL 2015 11884	0	3
DL 2015 11953	2	3
DL 2015 11973	2	3
DL 2015 11977	0	0
DL 2015 11986	6	6
DL 2015 11995	3	3
DL 2015 11996	3	5
DL 2015 12094	0	1
DL 2015 12173	6	10
DL 2015 12191	7	7
DL 2015 12217	4	5
DL 2015 12264	2	7
DL 2015 12266	0	9
DL 2015 12278	1	3
DL 2015 12323	0	1
DL 2015 12339	4	14
DL 2015 12441	4	5
DL 2015 12448	0	6
DL 2015 12451	3	11
DL 2015 12478	25	73
DL 2015 12758	1	1
DL 2015 12889	0	25
DL 2015 12892	22	71
DL 2015 12945	2	2
DL 2015 12951	0	1
DL 2015 12953	32	78
DL 2015 12982	0	1
DL 2015 12992	2	6
DL 2015 13198	0	11
DL 2015 13204	1	40
DL 2015 13230	0	3
DL 2015 13232	7	8
DL 2015 13244	9	12
DL 2015 13296	0	1
DL 2015 13303	26	26
DL 2015 13342	3	15
DL 2015 13360	4	4
DL 2015 13422	0	1
DL 2015 13485	3	6
DL 2015 13486	1	1
DL 2015 13487	24	137
DL 2015 13495	9	18
DL 2015 13502	0	1
DL 2015 13577	0	1
DL 2015 13796	2	4
DL 2015 13830	3	3
DL 2015 13851	3	4
DL 2015 13871	3	4
DL 2015 13891	1	1
DL 2015 13930	4	22
DL 2015 13931	3	6
DL 2015 14027	10	17
DL 2015 14057	3	8
DL 2015 14100	19	19
DL 2015 14107	20	20
DL 2015 14122	9	10
DL 2015 14193	5	5
DL 2015 14252	0	1
DL 2015 14262	1	1
DL 2015 14307	0	3
DL 2015 14321	1	2
DL 2015 14492	11	13
DL 2015 14524	6	7
DL 2015 14570	1	3
DL 2015 14574	0	0
DL 2015 14576	2	3
DL 2015 14635	8	19
DL 2015 14679	0	12
DL 2015 14683	2	8
DL 2015 14685	4	8
DL 2015 14730	0	8
DL 2015 14747	10	30
DL 2015 14771	7	27
DL 2015 14783	0	1
DL 2015 14814	1	1
DL 2015 14831	2	2
DL 2015 14843	2	10
DL 2015 14869	40	68
DL 2015 14893	5	5
DL 2015 14908	4	8
DL 2015 14986	6	6
DL 2015 15016	0	11
DL 2015 15024	0	2
DL 2015 15027	0	1
DL 2015 15096	2	3
DL 2015 15249	0	3
DL 2015 15304	23	34
DL 2015 15323	1	2
DL 2015 15370	1	3
DL 2015 15376	2	3
DL 2015 15412	0	3
DL 2015 15624	1	3
DL 2015 15919	1	2
DL 2015 16440	10	10
EV 2013 10135	0	2
EV 2013 10136	1	1
EV 2013 10140	1	4
EV 2013 10146	2	3
EV 2013 10185	0	6
EV 2013 10208	3	7
EV 2013 10257	4	6
EV 2013 10279	8	10
EV 2013 10397	46	257
EV 2013 10408	3	5
EV 2013 10431	3	5
EV 2013 10434	0	3
EV 2013 10469	1	1
EV 2013 10529	0	5
EV 2013 10581	1	1
EV 2013 10599	7	7
EV 2013 10620	1	1
EV 2013 10627	0	0
EV 2013 10685	1	1
EV 2013 10693	15	25
EV 2013 10721	2	8
EV 2013 10728	0	0
EV 2013 10731	1	3
EV 2013 10747	1	6
EV 2013 10781	0	22
EV 2013 10785	4	7
EV 2013 10792	8	10
EV 2013 10821	2	3
EV 2013 10868	12	17
EV 2013 10874	5	6
EV 2013 10980	3	9
EV 2013 10990	3	3
EV 2013 10994	4	16
EV 2013 11003	1	11
EV 2013 11042	9	40
EV 2013 11049	5	6
EV 2013 11057	23	23
EV 2013 11066	6	9
EV 2013 11109	1	2
EV 2013 11111	0	1
EV 2013 11140	8	8
EV 2013 11146	5	9
EV 2013 11150	4	4
EV 2013 11193	12	23
EV 2013 11203	1	3
EV 2013 11252	0	0
EV 2013 11259	9	9
EV 2013 11267	5	7
EV 2013 11278	0	5
EV 2013 11292	24	46
EV 2013 11298	32	44
EV 2013 11308	4	4
EV 2013 11315	0	2
EV 2013 11413	3	3
EV 2013 11415	1	2
EV 2013 11423	5	6
EV 2013 11433	11	72
EV 2013 11481	0	0
EV 2013 11537	2	4
EV 2013 11540	4	8
EV 2013 11577	0	0
EV 2013 11612	3	5
EV 2013 11617	1	3
EV 2013 11618	84	110
EV 2013 11624	0	1
EV 2013 11637	0	4
EV 2013 11641	1	5
EV 2013 11697	0	1
EV 2013 11721	1	2
EV 2013 11775	3	9
EV 2013 11778	2	3
EV 2013 11823	0	2
EV 2013 11921	0	1
EV 2013 11953	2	7
EV 2013 11973	6	6
EV 2013 11977	4	6
EV 2013 11982	4	7
EV 2013 11986	5	11
EV 2013 11995	10	12
EV 2013 11996	8	8
EV 2013 12007	2	2
EV 2013 12012	1	1
EV 2013 12177	1	1
EV 2013 12191	5	5
EV 2013 12197	4	9
EV 2013 12206	1	4
EV 2013 12217	6	9
EV 2013 12264	39	71
EV 2013 12266	160	235
EV 2013 12278	8	14
EV 2013 12323	6	6
EV 2013 12339	12	14
EV 2013 12389	0	1
EV 2013 12448	3	8
EV 2013 12451	7	7
EV 2013 12478	1	4
EV 2013 12884	1	1
EV 2013 12896	6	7
EV 2013 12915	0	4
EV 2013 12945	0	7
EV 2013 12951	12	15
EV 2013 12953	3	7
EV 2013 12992	9	11
EV 2013 13029	0	5
EV 2013 13061	3	3
EV 2013 13158	4	12
EV 2013 13184	0	0
EV 2013 13198	15	15
EV 2013 13204	0	1
EV 2013 13230	4	4
EV 2013 13232	0	1
EV 2013 13244	11	38
EV 2013 13256	1	8
EV 2013 13277	3	7
EV 2013 13296	4	5
EV 2013 13303	0	1
EV 2013 13342	1	10
EV 2013 13360	1	1
EV 2013 13367	3	5
EV 2013 13377	2	3
EV 2013 13422	9	14
EV 2013 13433	1	1
EV 2013 13485	11	14
EV 2013 13487	15	21
EV 2013 13495	6	10
EV 2013 13502	1	1
EV 2013 13577	4	5
EV 2013 13795	3	4
EV 2013 13851	7	10
EV 2013 13871	11	15
EV 2013 13930	50	146
EV 2013 13931	5	11
EV 2013 14027	0	1
EV 2013 14098	5	6
EV 2013 14100	1	2
EV 2013 14107	0	1
EV 2013 14108	2	4
EV 2013 14122	4	4
EV 2013 14150	0	1
EV 2013 14193	5	6
EV 2013 14307	3	3
EV 2013 14321	3	5
EV 2013 14457	6	6
EV 2013 14492	13	17
EV 2013 14524	2	16
EV 2013 14574	1	2
EV 2013 14576	4	7
EV 2013 14635	1	2
EV 2013 14674	1	2
EV 2013 14683	7	7
EV 2013 14685	3	9
EV 2013 14696	3	9
EV 2013 14730	0	12
EV 2013 14783	4	9
EV 2013 14814	9	18
EV 2013 14842	2	2
EV 2013 14869	0	3
EV 2013 14986	0	0
EV 2013 15016	6	10
EV 2013 15070	1	1
EV 2013 15096	3	8
EV 2013 15249	4	6
EV 2013 15304	1	1
EV 2013 15323	4	6
EV 2013 15370	11	15
EV 2013 15376	4	4
EV 2013 15380	5	7
EV 2013 15401	1	1
EV 2013 15411	0	3
EV 2013 15412	6	6
EV 2013 15607	2	3
EV 2013 15624	0	11
EV 2013 15919	3	15
EV 2013 16440	3	4
EV 2014 10135	0	6
EV 2014 10136	2	2
EV 2014 10140	1	2
EV 2014 10146	1	2
EV 2014 10155	1	1
EV 2014 10158	1	1
EV 2014 10185	3	8
EV 2014 10208	2	7
EV 2014 10257	4	4
EV 2014 10279	1	5
EV 2014 10397	106	180
EV 2014 10408	6	6
EV 2014 10431	1	7
EV 2014 10434	5	5
EV 2014 10469	1	2
EV 2014 10529	4	10
EV 2014 10581	3	3
EV 2014 10599	6	11
EV 2014 10620	0	1
EV 2014 10627	1	1
EV 2014 10685	2	2
EV 2014 10693	18	26
EV 2014 10721	4	5
EV 2014 10728	0	1
EV 2014 10731	1	3
EV 2014 10747	4	7
EV 2014 10781	5	19
EV 2014 10785	3	5
EV 2014 10792	2	5
EV 2014 10821	1	1
EV 2014 10849	0	0
EV 2014 10868	0	15
EV 2014 10874	2	2
EV 2014 10980	1	7
EV 2014 10990	0	3
EV 2014 10994	4	7
EV 2014 11003	4	8
EV 2014 11042	31	33
EV 2014 11049	1	4
EV 2014 11057	5	11
EV 2014 11066	9	13
EV 2014 11109	0	2
EV 2014 11140	4	12
EV 2014 11146	3	6
EV 2014 11150	2	4
EV 2014 11193	0	10
EV 2014 11203	0	2
EV 2014 11259	0	7
EV 2014 11267	9	9
EV 2014 11278	4	4
EV 2014 11292	36	57
EV 2014 11298	24	41
EV 2014 11308	4	4
EV 2014 11315	3	3
EV 2014 11413	2	3
EV 2014 11423	4	4
EV 2014 11433	87	89
EV 2014 11481	0	1
EV 2014 11537	4	6
EV 2014 11540	4	6
EV 2014 11577	0	1
EV 2014 11612	1	2
EV 2014 11617	0	2
EV 2014 11618	63	104
EV 2014 11624	1	1
EV 2014 11637	0	3
EV 2014 11641	1	3
EV 2014 11697	0	0
EV 2014 11721	0	1
EV 2014 11726	1	2
EV 2014 11775	8	8
EV 2014 11778	1	3
EV 2014 11823	2	2
EV 2014 11867	1	1
EV 2014 11905	1	1
EV 2014 11921	1	2
EV 2014 11953	2	4
EV 2014 11973	4	6
EV 2014 11977	5	6
EV 2014 11982	2	6
EV 2014 11986	1	10
EV 2014 11995	4	16
EV 2014 11996	1	8
EV 2014 12007	3	3
EV 2014 12012	2	2
EV 2014 12094	0	0
EV 2014 12177	0	2
EV 2014 12191	4	4
EV 2014 12197	6	10
EV 2014 12206	2	4
EV 2014 12217	2	4
EV 2014 12264	37	69
EV 2014 12266	178	259
EV 2014 12278	2	7
EV 2014 12323	2	4
EV 2014 12339	2	19
EV 2014 12389	1	4
EV 2014 12448	7	9
EV 2014 12451	3	10
EV 2014 12478	1	3
EV 2014 12884	1	1
EV 2014 12889	0	0
EV 2014 12891	1	2
EV 2014 12896	2	7
EV 2014 12915	3	5
EV 2014 12945	0	8
EV 2014 12951	15	15
EV 2014 12953	31	32
EV 2014 12992	0	9
EV 2014 13029	2	3
EV 2014 13061	2	3
EV 2014 13158	5	9
EV 2014 13184	0	1
EV 2014 13198	0	13
EV 2014 13203	0	0
EV 2014 13204	3	4
EV 2014 13230	0	4
EV 2014 13232	1	3
EV 2014 13241	3	3
EV 2014 13244	5	6
EV 2014 13256	0	7
EV 2014 13277	0	8
EV 2014 13290	1	1
EV 2014 13296	3	5
EV 2014 13303	0	1
EV 2014 13342	3	8
EV 2014 13360	0	0
EV 2014 13367	1	4
EV 2014 13377	0	9
EV 2014 13422	12	12
EV 2014 13433	1	1
EV 2014 13485	1	11
EV 2014 13487	19	26
EV 2014 13495	6	7
EV 2014 13502	1	1
EV 2014 13577	2	3
EV 2014 13795	2	3
EV 2014 13851	9	14
EV 2014 13871	0	8
EV 2014 13930	98	120
EV 2014 13931	1	11
EV 2014 14027	0	1
EV 2014 14098	3	5
EV 2014 14100	2	2
EV 2014 14107	0	1
EV 2014 14108	4	4
EV 2014 14109	1	2
EV 2014 14122	4	10
EV 2014 14193	2	4
EV 2014 14307	1	1
EV 2014 14321	2	3
EV 2014 14457	3	3
EV 2014 14492	5	10
EV 2014 14524	4	21
EV 2014 14574	1	2
EV 2014 14576	1	5
EV 2014 14633	2	3
EV 2014 14635	0	1
EV 2014 14674	1	2
EV 2014 14683	1	1
EV 2014 14685	5	5
EV 2014 14696	2	3
EV 2014 14711	1	2
EV 2014 14730	3	8
EV 2014 14783	0	7
EV 2014 14814	9	15
EV 2014 14842	1	1
EV 2014 14869	1	2
EV 2014 14960	1	1
EV 2014 14986	0	1
EV 2014 15016	5	11
EV 2014 15070	0	0
EV 2014 15096	0	2
EV 2014 15249	0	6
EV 2014 15304	0	1
EV 2014 15323	3	3
EV 2014 15370	11	18
EV 2014 15376	0	3
EV 2014 15380	1	3
EV 2014 15411	1	1
EV 2014 15412	14	14
EV 2014 15607	1	3
EV 2014 15624	5	8
EV 2014 15919	5	9
EV 2014 16440	0	2
EV 2015 10135	2	5
EV 2015 10140	2	3
EV 2015 10146	3	3
EV 2015 10185	1	6
EV 2015 10208	1	6
EV 2015 10257	1	1
EV 2015 10279	4	4
EV 2015 10397	15	175
EV 2015 10408	3	4
EV 2015 10431	0	4
EV 2015 10434	2	4
EV 2015 10469	2	3
EV 2015 10529	5	6
EV 2015 10599	6	11
EV 2015 10620	0	0
EV 2015 10627	0	2
EV 2015 10685	0	3
EV 2015 10693	0	15
EV 2015 10721	6	7
EV 2015 10728	1	2
EV 2015 10731	1	2
EV 2015 10747	3	7
EV 2015 10781	2	17
EV 2015 10785	1	4
EV 2015 10792	3	4
EV 2015 10821	3	4
EV 2015 10868	9	13
EV 2015 10874	4	4
EV 2015 10980	7	7
EV 2015 10990	2	2
EV 2015 10994	0	4
EV 2015 11003	0	8
EV 2015 11042	15	39
EV 2015 11049	1	2
EV 2015 11057	1	11
EV 2015 11066	6	7
EV 2015 11109	3	3
EV 2015 11140	5	10
EV 2015 11146	5	5
EV 2015 11150	0	3
EV 2015 11193	13	13
EV 2015 11203	0	2
EV 2015 11259	2	7
EV 2015 11267	1	2
EV 2015 11278	3	3
EV 2015 11292	29	41
EV 2015 11298	24	34
EV 2015 11308	1	4
EV 2015 11315	2	2
EV 2015 11413	0	1
EV 2015 11423	4	6
EV 2015 11433	10	93
EV 2015 11481	1	1
EV 2015 11537	4	6
EV 2015 11540	2	6
EV 2015 11577	0	5
EV 2015 11612	1	5
EV 2015 11617	1	2
EV 2015 11618	67	88
EV 2015 11624	0	1
EV 2015 11637	0	3
EV 2015 11641	0	4
EV 2015 11721	0	1
EV 2015 11775	4	6
EV 2015 11778	2	2
EV 2015 11823	1	2
EV 2015 11905	1	1
EV 2015 11921	1	1
EV 2015 11953	4	4
EV 2015 11973	4	5
EV 2015 11977	0	5
EV 2015 11982	0	5
EV 2015 11986	0	7
EV 2015 11995	3	12
EV 2015 11996	3	7
EV 2015 12007	1	2
EV 2015 12012	1	1
EV 2015 12094	0	0
EV 2015 12177	2	2
EV 2015 12197	5	12
EV 2015 12206	2	4
EV 2015 12217	5	5
EV 2015 12264	5	33
EV 2015 12266	175	177
EV 2015 12278	3	5
EV 2015 12323	5	6
EV 2015 12339	1	3
EV 2015 12389	4	4
EV 2015 12448	4	9
EV 2015 12451	3	6
EV 2015 12884	4	4
EV 2015 12891	2	2
EV 2015 12896	5	5
EV 2015 12915	1	4
EV 2015 12945	5	11
EV 2015 12951	4	12
EV 2015 12953	40	41
EV 2015 12992	4	7
EV 2015 13029	0	4
EV 2015 13061	1	2
EV 2015 13158	7	9
EV 2015 13184	1	1
EV 2015 13198	15	15
EV 2015 13204	1	4
EV 2015 13230	0	3
EV 2015 13232	4	10
EV 2015 13241	3	3
EV 2015 13244	0	10
EV 2015 13256	6	8
EV 2015 13277	7	7
EV 2015 13290	1	1
EV 2015 13296	2	4
EV 2015 13342	4	6
EV 2015 13367	0	7
EV 2015 13377	3	8
EV 2015 13422	2	7
EV 2015 13433	3	3
EV 2015 13485	4	7
EV 2015 13487	17	28
EV 2015 13495	3	3
EV 2015 13502	2	2
EV 2015 13577	2	3
EV 2015 13795	4	4
EV 2015 13851	5	5
EV 2015 13871	9	11
EV 2015 13930	35	125
EV 2015 13931	1	6
EV 2015 14027	1	1
EV 2015 14098	1	5
EV 2015 14100	0	1
EV 2015 14107	0	0
EV 2015 14108	4	4
EV 2015 14109	2	2
EV 2015 14122	3	9
EV 2015 14193	4	4
EV 2015 14307	3	7
EV 2015 14321	1	2
EV 2015 14457	1	2
EV 2015 14492	3	7
EV 2015 14524	1	15
EV 2015 14574	3	3
EV 2015 14576	1	4
EV 2015 14633	2	2
EV 2015 14674	1	1
EV 2015 14683	0	4
EV 2015 14685	3	5
EV 2015 14696	0	4
EV 2015 14711	2	2
EV 2015 14730	2	8
EV 2015 14783	3	5
EV 2015 14814	9	14
EV 2015 14842	1	1
EV 2015 14869	3	4
EV 2015 14960	1	1
EV 2015 15016	4	11
EV 2015 15096	2	6
EV 2015 15249	1	3
EV 2015 15323	3	5
EV 2015 15370	4	15
EV 2015 15376	1	3
EV 2015 15380	0	2
EV 2015 15411	4	4
EV 2015 15412	8	11
EV 2015 15607	2	3
EV 2015 15624	3	6
EV 2015 15919	2	9
EV 2015 16440	2	3
F9 2013 10135	0	1
F9 2013 10140	1	1
F9 2013 10299	0	1
F9 2013 10397	2	2
F9 2013 10466	1	1
F9 2013 10627	0	1
F9 2013 10643	2	2
F9 2013 10666	1	1
F9 2013 10685	1	1
F9 2013 10693	1	2
F9 2013 10821	0	1
F9 2013 10849	0	0
F9 2013 10874	3	3
F9 2013 11003	0	1
F9 2013 11042	0	1
F9 2013 11066	0	1
F9 2013 11109	0	2
F9 2013 11111	1	1
F9 2013 11193	1	1
F9 2013 11267	0	1
F9 2013 11278	3	3
F9 2013 11292	70	101
F9 2013 11298	4	4
F9 2013 11413	1	1
F9 2013 11423	0	1
F9 2013 11433	1	2
F9 2013 11603	0	0
F9 2013 11630	0	1
F9 2013 11637	0	1
F9 2013 11638	1	1
F9 2013 11697	1	1
F9 2013 11775	1	1
F9 2013 11884	0	1
F9 2013 11986	1	1
F9 2013 11995	0	1
F9 2013 12003	0	0
F9 2013 12266	1	2
F9 2013 12320	1	2
F9 2013 12339	3	3
F9 2013 12441	1	1
F9 2013 12888	0	0
F9 2013 12889	5	6
F9 2013 12892	2	4
F9 2013 12953	1	2
F9 2013 12992	1	1
F9 2013 13198	2	5
F9 2013 13203	0	0
F9 2013 13204	5	8
F9 2013 13230	1	2
F9 2013 13232	2	5
F9 2013 13342	1	2
F9 2013 13433	1	1
F9 2013 13485	0	1
F9 2013 13487	2	4
F9 2013 13495	1	1
F9 2013 13502	0	0
F9 2013 13851	1	2
F9 2013 13871	1	3
F9 2013 13930	1	1
F9 2013 14057	2	4
F9 2013 14098	0	0
F9 2013 14100	1	1
F9 2013 14107	2	3
F9 2013 14122	0	1
F9 2013 14262	1	1
F9 2013 14492	0	1
F9 2013 14512	0	1
F9 2013 14635	1	1
F9 2013 14679	2	3
F9 2013 14689	0	1
F9 2013 14696	0	0
F9 2013 14730	0	1
F9 2013 14747	1	2
F9 2013 14771	1	4
F9 2013 14802	1	1
F9 2013 14869	3	3
F9 2013 14893	2	2
F9 2013 14908	0	3
F9 2013 15016	2	3
F9 2013 15304	1	2
F9 2013 15356	3	5
F9 2013 15412	1	1
F9 2013 16440	3	3
F9 2014 10140	0	2
F9 2014 10299	0	1
F9 2014 10397	1	4
F9 2014 10561	0	0
F9 2014 10627	0	1
F9 2014 10643	1	1
F9 2014 10666	0	1
F9 2014 10685	1	1
F9 2014 10693	1	3
F9 2014 10821	1	1
F9 2014 10849	0	1
F9 2014 11003	0	0
F9 2014 11042	9	10
F9 2014 11057	1	1
F9 2014 11066	1	1
F9 2014 11193	0	1
F9 2014 11278	1	3
F9 2014 11292	63	103
F9 2014 11298	3	6
F9 2014 11413	0	1
F9 2014 11423	0	1
F9 2014 11433	1	2
F9 2014 11603	0	1
F9 2014 11630	0	0
F9 2014 11637	0	1
F9 2014 11638	0	0
F9 2014 11697	1	2
F9 2014 11775	1	1
F9 2014 11884	1	1
F9 2014 11995	1	1
F9 2014 12003	0	0
F9 2014 12191	0	0
F9 2014 12264	1	10
F9 2014 12266	4	4
F9 2014 12280	0	0
F9 2014 12320	3	3
F9 2014 12339	1	2
F9 2014 12441	1	1
F9 2014 12884	0	0
F9 2014 12889	4	5
F9 2014 12892	2	4
F9 2014 12953	1	2
F9 2014 12992	0	0
F9 2014 13198	2	3
F9 2014 13204	5	6
F9 2014 13230	1	1
F9 2014 13232	0	3
F9 2014 13244	0	1
F9 2014 13303	3	6
F9 2014 13342	3	4
F9 2014 13433	0	0
F9 2014 13485	1	1
F9 2014 13486	0	0
F9 2014 13487	4	5
F9 2014 13495	1	1
F9 2014 13796	0	0
F9 2014 13851	2	2
F9 2014 13871	2	2
F9 2014 13930	0	0
F9 2014 14027	0	1
F9 2014 14057	1	2
F9 2014 14098	1	1
F9 2014 14100	1	1
F9 2014 14107	3	4
F9 2014 14122	0	1
F9 2014 14262	0	1
F9 2014 14492	1	1
F9 2014 14635	1	2
F9 2014 14679	3	4
F9 2014 14689	0	1
F9 2014 14747	3	3
F9 2014 14771	1	4
F9 2014 14869	0	4
F9 2014 14908	2	3
F9 2014 15016	2	2
F9 2014 15048	0	0
F9 2014 15304	2	2
F9 2014 15356	1	7
F9 2014 15412	1	2
F9 2014 15497	1	1
F9 2014 16440	1	2
F9 2015 10397	1	7
F9 2015 10627	1	1
F9 2015 10685	1	1
F9 2015 10693	1	1
F9 2015 10849	0	0
F9 2015 11003	1	1
F9 2015 11042	5	10
F9 2015 11057	0	1
F9 2015 11193	2	3
F9 2015 11278	3	3
F9 2015 11292	66	66
F9 2015 11298	3	5
F9 2015 11423	1	1
F9 2015 11433	1	2
F9 2015 11637	1	1
F9 2015 11638	1	1
F9 2015 11697	3	5
F9 2015 11775	0	1
F9 2015 11884	0	1
F9 2015 11995	0	1
F9 2015 12264	6	8
F9 2015 12266	4	4
F9 2015 12280	0	0
F9 2015 12320	0	1
F9 2015 12339	1	2
F9 2015 12889	2	5
F9 2015 12892	1	3
F9 2015 12953	1	2
F9 2015 13198	0	1
F9 2015 13204	6	14
F9 2015 13230	0	1
F9 2015 13232	2	2
F9 2015 13244	1	3
F9 2015 13303	5	6
F9 2015 13342	0	3
F9 2015 13433	1	1
F9 2015 13485	1	2
F9 2015 13486	1	1
F9 2015 13487	1	2
F9 2015 13495	1	1
F9 2015 13851	1	1
F9 2015 13871	0	1
F9 2015 13930	4	10
F9 2015 14027	0	1
F9 2015 14057	2	2
F9 2015 14098	1	1
F9 2015 14100	4	4
F9 2015 14107	0	8
F9 2015 14262	0	1
F9 2015 14492	1	1
F9 2015 14635	1	5
F9 2015 14679	0	3
F9 2015 14689	1	1
F9 2015 14747	1	1
F9 2015 14771	3	5
F9 2015 14869	5	5
F9 2015 14908	3	3
F9 2015 15016	0	4
F9 2015 15304	6	8
F9 2015 15356	8	8
F9 2015 15412	1	1
F9 2015 15497	1	1
F9 2015 16440	0	2
FL 2013 10397	97	142
FL 2013 10529	0	3
FL 2013 10643	0	2
FL 2013 10721	0	8
FL 2013 10792	5	5
FL 2013 10821	20	37
FL 2013 10874	8	10
FL 2013 11057	4	4
FL 2013 11066	3	7
FL 2013 11267	6	8
FL 2013 11278	0	11
FL 2013 11292	2	2
FL 2013 11433	3	3
FL 2013 11697	6	23
FL 2013 11721	0	5
FL 2013 11986	5	7
FL 2013 12191	0	5
FL 2013 12278	0	3
FL 2013 12339	1	11
FL 2013 12451	2	4
FL 2013 12889	1	4
FL 2013 12892	0	2
FL 2013 12953	2	7
FL 2013 13198	1	3
FL 2013 13204	31	41
FL 2013 13232	10	10
FL 2013 13244	3	8
FL 2013 13342	6	18
FL 2013 13487	2	6
FL 2013 13495	3	5
FL 2013 13851	2	4
FL 2013 13931	3	4
FL 2013 14027	2	3
FL 2013 14100	4	8
FL 2013 14107	0	1
FL 2013 14122	9	11
FL 2013 14193	2	3
FL 2013 14321	1	2
FL 2013 14492	2	4
FL 2013 14524	1	4
FL 2013 14576	1	9
FL 2013 14635	8	19
FL 2013 14683	4	4
FL 2013 14730	0	2
FL 2013 14771	0	1
FL 2013 14843	5	5
FL 2013 14908	2	2
FL 2013 15016	2	5
FL 2013 15304	6	13
FL 2013 16440	0	1
FL 2014 10397	72	104
FL 2014 10529	2	3
FL 2014 10721	3	9
FL 2014 10821	4	6
FL 2014 10874	1	2
FL 2014 11066	1	2
FL 2014 11267	1	4
FL 2014 11278	6	10
FL 2014 11292	1	1
FL 2014 11433	1	3
FL 2014 11697	2	4
FL 2014 11721	1	1
FL 2014 11986	2	2
FL 2014 12191	3	3
FL 2014 12339	4	5
FL 2014 12451	3	3
FL 2014 12889	4	4
FL 2014 12892	0	1
FL 2014 12953	5	7
FL 2014 13198	0	3
FL 2014 13204	2	6
FL 2014 13232	8	8
FL 2014 13342	1	6
FL 2014 13487	0	4
FL 2014 13495	2	3
FL 2014 13851	0	4
FL 2014 13931	3	3
FL 2014 14027	1	1
FL 2014 14100	0	3
FL 2014 14122	2	3
FL 2014 14492	3	4
FL 2014 14524	2	4
FL 2014 14635	6	12
FL 2014 14683	0	1
FL 2014 14730	1	2
FL 2014 14771	1	1
FL 2014 14908	0	0
FL 2014 15016	1	2
FL 2014 15304	5	5
FL 2014 16440	0	0
HA 2013 12173	81	86
HA 2013 12402	8	17
HA 2013 12478	1	1
HA 2013 12758	1	19
HA 2013 12889	2	2
HA 2013 12892	2	3
HA 2013 12982	16	19
HA 2013 13796	0	2
HA 2013 13830	30	38
HA 2013 14057	1	1
HA 2013 14107	0	1
HA 2013 14222	0	1
HA 2013 14679	0	1
HA 2013 14747	2	2
HA 2013 14771	0	1
HA 2013 14831	0	2
HA 2013 14893	0	1
HA 2014 12173	34	85
HA 2014 12402	9	15
HA 2014 12478	1	1
HA 2014 12758	20	20
HA 2014 12889	3	3
HA 2014 12892	3	3
HA 2014 12982	15	20
HA 2014 13796	0	2
HA 2014 13830	1	43
HA 2014 14057	1	1
HA 2014 14107	1	1
HA 2014 14222	0	1
HA 2014 14679	1	1
HA 2014 14747	0	2
HA 2014 14771	0	1
HA 2014 14831	1	2
HA 2014 14893	0	1
HA 2015 12173	52	87
HA 2015 12402	5	17
HA 2015 12478	0	1
HA 2015 12758	21	21
HA 2015 12889	2	3
HA 2015 12892	4	4
HA 2015 12982	19	23
HA 2015 13796	2	2
HA 2015 13830	9	40
HA 2015 14057	1	1
HA 2015 14107	1	1
HA 2015 14222	0	1
HA 2015 14679	1	1
HA 2015 14747	2	2
HA 2015 14771	2	2
HA 2015 14831	2	2
HA 2015 14893	0	1
MQ 2013 10136	0	4
MQ 2013 10140	0	3
MQ 2013 10155	3	5
MQ 2013 10185	2	2
MQ 2013 10268	1	1
MQ 2013 10279	2	5
MQ 2013 10361	1	2
MQ 2013 10372	2	2
MQ 2013 10397	4	16
MQ 2013 10469	3	3
MQ 2013 10529	0	4
MQ 2013 10599	2	3
MQ 2013 10685	2	2
MQ 2013 10693	20	23
MQ 2013 10728	3	4
MQ 2013 10747	1	1
MQ 2013 10781	0	6
MQ 2013 10792	1	5
MQ 2013 10821	2	6
MQ 2013 10868	3	3
MQ 2013 10980	3	3
MQ 2013 10990	0	2
MQ 2013 10994	3	5
MQ 2013 11003	2	8
MQ 2013 11042	1	13
MQ 2013 11049	2	2
MQ 2013 11057	9	15
MQ 2013 11066	17	20
MQ 2013 11067	6	6
MQ 2013 11111	2	3
MQ 2013 11140	6	6
MQ 2013 11146	0	1
MQ 2013 11150	1	2
MQ 2013 11193	1	10
MQ 2013 11203	1	2
MQ 2013 11267	3	3
MQ 2013 11274	0	0
MQ 2013 11278	19	22
MQ 2013 11292	4	7
MQ 2013 11298	99	201
MQ 2013 11413	1	1
MQ 2013 11423	7	9
MQ 2013 11433	5	13
MQ 2013 11540	2	3
MQ 2013 11612	5	6
MQ 2013 11618	1	4
MQ 2013 11624	0	6
MQ 2013 11637	2	3
MQ 2013 11638	0	2
MQ 2013 11775	1	4
MQ 2013 11778	2	3
MQ 2013 11823	3	3
MQ 2013 11867	0	2
MQ 2013 11905	2	2
MQ 2013 11921	1	2
MQ 2013 11953	1	2
MQ 2013 11973	3	4
MQ 2013 11977	0	2
MQ 2013 11980	1	2
MQ 2013 11982	5	9
MQ 2013 11986	3	3
MQ 2013 11995	4	4
MQ 2013 11996	3	3
MQ 2013 12191	1	5
MQ 2013 12197	0	1
MQ 2013 12217	1	2
MQ 2013 12266	3	6
MQ 2013 12278	2	2
MQ 2013 12339	4	5
MQ 2013 12448	7	8
MQ 2013 12451	4	8
MQ 2013 12478	16	19
MQ 2013 12511	1	2
MQ 2013 12891	4	4
MQ 2013 12892	3	18
MQ 2013 12896	4	9
MQ 2013 12915	1	2
MQ 2013 12945	0	6
MQ 2013 12951	1	5
MQ 2013 12953	35	48
MQ 2013 12992	5	7
MQ 2013 13061	1	4
MQ 2013 13158	1	5
MQ 2013 13198	1	6
MQ 2013 13230	2	3
MQ 2013 13244	3	3
MQ 2013 13277	2	3
MQ 2013 13290	0	5
MQ 2013 13303	31	53
MQ 2013 13342	0	2
MQ 2013 13367	0	5
MQ 2013 13377	1	3
MQ 2013 13422	0	3
MQ 2013 13459	0	1
MQ 2013 13485	1	4
MQ 2013 13487	4	7
MQ 2013 13495	3	3
MQ 2013 13502	1	1
MQ 2013 13851	0	4
MQ 2013 13871	5	5
MQ 2013 13930	71	214
MQ 2013 13931	3	3
MQ 2013 14100	0	3
MQ 2013 14108	4	4
MQ 2013 14122	3	9
MQ 2013 14193	1	8
MQ 2013 14457	2	2
MQ 2013 14492	6	13
MQ 2013 14524	5	6
MQ 2013 14576	3	4
MQ 2013 14588	1	3
MQ 2013 14633	1	2
MQ 2013 14674	3	3
MQ 2013 14679	3	3
MQ 2013 14683	0	4
MQ 2013 14685	2	3
MQ 2013 14730	4	5
MQ 2013 14783	0	11
MQ 2013 14814	3	4
MQ 2013 14831	0	1
MQ 2013 14842	3	4
MQ 2013 14869	1	2
MQ 2013 14952	2	2
MQ 2013 14960	4	4
MQ 2013 15016	3	3
MQ 2013 15048	0	2
MQ 2013 15096	0	5
MQ 2013 15249	1	3
MQ 2013 15304	0	2
MQ 2013 15370	1	4
MQ 2013 15376	0	1
MQ 2013 15380	2	2
MQ 2013 15401	1	3
MQ 2013 15411	5	5
MQ 2013 15412	5	6
MQ 2013 15624	3	3
MQ 2013 15919	0	17
MQ 2013 16440	2	2
MQ 2014 10136	7	7
MQ 2014 10140	0	1
MQ 2014 10155	0	5
MQ 2014 10185	1	3
MQ 2014 10268	2	2
MQ 2014 10279	0	5
MQ 2014 10361	1	1
MQ 2014 10372	0	2
MQ 2014 10397	6	10
MQ 2014 10469	0	0
MQ 2014 10529	0	1
MQ 2014 10599	3	3
MQ 2014 10627	2	2
MQ 2014 10685	4	4
MQ 2014 10693	10	19
MQ 2014 10728	1	1
MQ 2014 10747	1	1
MQ 2014 10781	6	6
MQ 2014 10792	0	2
MQ 2014 10821	1	3
MQ 2014 10868	3	3
MQ 2014 10980	2	3
MQ 2014 10990	1	1
MQ 2014 10994	4	4
MQ 2014 11003	7	8
MQ 2014 11042	9	9
MQ 2014 11049	3	4
MQ 2014 11057	5	11
MQ 2014 11066	2	19
MQ 2014 11067	1	7
MQ 2014 11111	2	3
MQ 2014 11140	2	3
MQ 2014 11193	1	17
MQ 2014 11203	2	2
MQ 2014 11267	5	7
MQ 2014 11274	1	2
MQ 2014 11278	17	21
MQ 2014 11292	1	1
MQ 2014 11298	48	221
MQ 2014 11413	2	2
MQ 2014 11423	3	6
MQ 2014 11433	0	5
MQ 2014 11540	2	2
MQ 2014 11612	2	5
MQ 2014 11618	1	2
MQ 2014 11624	5	6
MQ 2014 11637	1	5
MQ 2014 11721	0	0
MQ 2014 11775	0	5
MQ 2014 11778	2	3
MQ 2014 11823	1	4
MQ 2014 11867	0	2
MQ 2014 11905	1	1
MQ 2014 11921	1	2
MQ 2014 11953	1	1
MQ 2014 11973	3	3
MQ 2014 11977	3	4
MQ 2014 11980	1	2
MQ 2014 11982	4	8
MQ 2014 11986	6	8
MQ 2014 11995	5	7
MQ 2014 11996	1	3
MQ 2014 12012	0	1
MQ 2014 12191	4	6
MQ 2014 12197	1	5
MQ 2014 12217	2	5
MQ 2014 12266	3	7
MQ 2014 12278	2	2
MQ 2014 12323	1	1
MQ 2014 12339	2	5
MQ 2014 12448	2	7
MQ 2014 12451	3	8
MQ 2014 12478	17	21
MQ 2014 12511	2	2
MQ 2014 12891	4	4
MQ 2014 12892	0	16
MQ 2014 12896	0	3
MQ 2014 12915	0	2
MQ 2014 12945	3	3
MQ 2014 12951	1	4
MQ 2014 12953	10	27
MQ 2014 12992	10	10
MQ 2014 13061	2	3
MQ 2014 13076	3	4
MQ 2014 13158	5	7
MQ 2014 13198	1	2
MQ 2014 13230	3	3
MQ 2014 13244	5	5
MQ 2014 13277	2	2
MQ 2014 13290	0	5
MQ 2014 13303	23	53
MQ 2014 13342	1	2
MQ 2014 13367	5	5
MQ 2014 13377	1	1
MQ 2014 13422	1	3
MQ 2014 13459	1	1
MQ 2014 13485	2	4
MQ 2014 13487	2	3
MQ 2014 13502	1	1
MQ 2014 13851	7	7
MQ 2014 13871	2	2
MQ 2014 13930	122	186
MQ 2014 13931	3	3
MQ 2014 14100	1	1
MQ 2014 14108	3	6
MQ 2014 14122	3	4
MQ 2014 14193	3	8
MQ 2014 14457	1	1
MQ 2014 14492	11	17
MQ 2014 14524	5	9
MQ 2014 14574	1	1
MQ 2014 14576	2	4
MQ 2014 14588	3	3
MQ 2014 14633	3	4
MQ 2014 14674	1	2
MQ 2014 14679	5	5
MQ 2014 14683	1	1
MQ 2014 14685	0	3
MQ 2014 14730	2	5
MQ 2014 14783	7	10
MQ 2014 14814	1	2
MQ 2014 14831	0	1
MQ 2014 14842	4	4
MQ 2014 14869	2	2
MQ 2014 14952	0	2
MQ 2014 14960	2	4
MQ 2014 15016	3	9
MQ 2014 15048	0	2
MQ 2014 15096	1	4
MQ 2014 15249	4	6
MQ 2014 15295	2	3
MQ 2014 15304	1	2
MQ 2014 15370	1	3
MQ 2014 15376	1	1
MQ 2014 15380	2	2
MQ 2014 15401	1	2
MQ 2014 15411	2	3
MQ 2014 15412	0	7
MQ 2014 15624	1	2
MQ 2014 15919	14	14
MQ 2015 10136	4	8
MQ 2015 10140	1	2
MQ 2015 10155	3	3
MQ 2015 10185	0	3
MQ 2015 10268	2	2
MQ 2015 10279	3	7
MQ 2015 10372	3	3
MQ 2015 10397	3	3
MQ 2015 10469	1	1
MQ 2015 10529	1	1
MQ 2015 10599	1	3
MQ 2015 10627	1	2
MQ 2015 10685	1	5
MQ 2015 10693	4	12
MQ 2015 10728	1	1
MQ 2015 10781	4	5
MQ 2015 10792	1	2
MQ 2015 10821	2	3
MQ 2015 10868	1	3
MQ 2015 10980	3	3
MQ 2015 10990	1	1
MQ 2015 10994	3	5
MQ 2015 11003	4	7
MQ 2015 11042	1	5
MQ 2015 11049	5	5
MQ 2015 11066	5	13
MQ 2015 11067	2	7
MQ 2015 11111	0	4
MQ 2015 11140	2	5
MQ 2015 11193	15	15
MQ 2015 11203	0	2
MQ 2015 11267	1	6
MQ 2015 11274	1	3
MQ 2015 11278	3	5
MQ 2015 11298	128	221
MQ 2015 11413	2	2
MQ 2015 11423	9	9
MQ 2015 11433	1	10
MQ 2015 11540	1	1
MQ 2015 11612	2	4
MQ 2015 11624	2	6
MQ 2015 11637	0	4
MQ 2015 11721	0	2
MQ 2015 11775	1	3
MQ 2015 11778	2	4
MQ 2015 11823	5	5
MQ 2015 11867	2	2
MQ 2015 11905	1	1
MQ 2015 11921	0	2
MQ 2015 11953	0	1
MQ 2015 11973	3	3
MQ 2015 11977	2	4
MQ 2015 11980	1	2
MQ 2015 11982	7	7
MQ 2015 11986	7	8
MQ 2015 11995	0	7
MQ 2015 11996	0	2
MQ 2015 12012	1	1
MQ 2015 12191	2	2
MQ 2015 12197	2	2
MQ 2015 12217	2	4
MQ 2015 12339	1	6
MQ 2015 12448	4	7
MQ 2015 12451	0	1
MQ 2015 12478	9	17
MQ 2015 12511	1	1
MQ 2015 12891	1	2
MQ 2015 12892	0	1
MQ 2015 12896	0	4
MQ 2015 12915	0	1
MQ 2015 12945	1	4
MQ 2015 12951	2	4
MQ 2015 12953	9	43
MQ 2015 12992	4	4
MQ 2015 13061	3	4
MQ 2015 13076	2	3
MQ 2015 13158	5	6
MQ 2015 13230	1	1
MQ 2015 13244	2	5
MQ 2015 13277	1	1
MQ 2015 13290	3	4
MQ 2015 13303	11	23
MQ 2015 13342	0	2
MQ 2015 13367	0	5
MQ 2015 13377	1	1
MQ 2015 13422	0	1
MQ 2015 13459	1	1
MQ 2015 13485	5	9
MQ 2015 13487	0	1
MQ 2015 13851	2	4
MQ 2015 13871	1	2
MQ 2015 13930	33	137
MQ 2015 13931	1	2
MQ 2015 14108	0	6
MQ 2015 14122	1	1
MQ 2015 14193	2	8
MQ 2015 14457	1	1
MQ 2015 14492	2	12
MQ 2015 14524	1	1
MQ 2015 14576	2	3
MQ 2015 14588	3	3
MQ 2015 14633	2	4
MQ 2015 14674	1	1
MQ 2015 14685	2	3
MQ 2015 14730	0	5
MQ 2015 14783	4	12
MQ 2015 14814	2	3
MQ 2015 14842	3	3
MQ 2015 14952	1	1
MQ 2015 14960	3	3
MQ 2015 15016	0	6
MQ 2015 15048	1	1
MQ 2015 15096	2	4
MQ 2015 15249	0	5
MQ 2015 15295	2	3
MQ 2015 15370	2	3
MQ 2015 15380	0	3
MQ 2015 15401	1	1
MQ 2015 15411	1	3
MQ 2015 15412	1	4
MQ 2015 15624	0	5
MQ 2015 15919	3	15
NK 2015 10158	4	11
NK 2015 10397	5	7
NK 2015 10721	1	4
NK 2015 10732	0	0
NK 2015 10821	0	5
NK 2015 11042	0	1
NK 2015 11292	7	9
NK 2015 11298	25	25
NK 2015 11433	22	22
NK 2015 11697	0	34
NK 2015 12265	0	1
NK 2015 12266	1	12
NK 2015 12889	24	24
NK 2015 12892	7	9
NK 2015 12898	3	3
NK 2015 12953	6	11
NK 2015 13198	2	5
NK 2015 13204	16	16
NK 2015 13487	0	11
NK 2015 13495	4	5
NK 2015 13577	4	5
NK 2015 13796	3	4
NK 2015 13930	14	24
NK 2015 14025	1	1
NK 2015 14027	1	2
NK 2015 14057	0	1
NK 2015 14100	2	2
NK 2015 14107	2	4
NK 2015 14635	4	11
NK 2015 14679	1	5
NK 2015 14843	1	1
NK 2015 15024	1	1
NK 2015 15304	5	9
OO 2013 10140	7	15
OO 2013 10141	1	2
OO 2013 10157	6	7
OO 2013 10333	0	2
OO 2013 10372	1	1
OO 2013 10397	3	3
OO 2013 10408	1	2
OO 2013 10431	2	2
OO 2013 10469	1	1
OO 2013 10529	2	2
OO 2013 10561	4	9
OO 2013 10599	1	2
OO 2013 10620	0	0
OO 2013 10627	0	3
OO 2013 10631	2	2
OO 2013 10693	2	6
OO 2013 10713	5	8
OO 2013 10721	0	0
OO 2013 10739	1	3
OO 2013 10747	0	2
OO 2013 10779	1	2
OO 2013 10800	0	15
OO 2013 10821	0	1
OO 2013 10849	5	10
OO 2013 10918	2	2
OO 2013 10930	1	2
OO 2013 10994	1	1
OO 2013 11002	3	3
OO 2013 11003	1	4
OO 2013 11041	3	7
OO 2013 11042	8	8
OO 2013 11057	0	1
OO 2013 11066	0	1
OO 2013 11076	2	2
OO 2013 11097	1	2
OO 2013 11109	14	14
OO 2013 11122	6	6
OO 2013 11193	5	5
OO 2013 11203	1	1
OO 2013 11259	1	2
OO 2013 11267	0	2
OO 2013 11278	0	1
OO 2013 11292	23	132
OO 2013 11298	7	13
OO 2013 11315	1	2
OO 2013 11337	0	5
OO 2013 11413	1	3
OO 2013 11423	3	3
OO 2013 11433	3	14
OO 2013 11471	2	2
OO 2013 11503	1	1
OO 2013 11525	1	2
OO 2013 11540	7	11
OO 2013 11603	8	12
OO 2013 11618	1	1
OO 2013 11637	0	9
OO 2013 11638	0	29
OO 2013 11648	4	4
OO 2013 11695	1	6
OO 2013 11721	1	2
OO 2013 11775	2	5
OO 2013 11823	1	2
OO 2013 11865	3	5
OO 2013 11884	2	3
OO 2013 11898	5	8
OO 2013 11921	4	8
OO 2013 11977	0	1
OO 2013 11986	2	2
OO 2013 12003	2	5
OO 2013 12012	1	1
OO 2013 12094	1	1
OO 2013 12129	0	1
OO 2013 12156	4	4
OO 2013 12197	1	2
OO 2013 12206	2	2
OO 2013 12264	2	6
OO 2013 12266	26	47
OO 2013 12278	3	4
OO 2013 12280	5	7
OO 2013 12335	0	2
OO 2013 12339	1	1
OO 2013 12343	1	2
OO 2013 12363	2	2
OO 2013 12389	1	3
OO 2013 12436	0	1
OO 2013 12441	4	4
OO 2013 12884	0	1
OO 2013 12888	2	2
OO 2013 12889	11	15
OO 2013 12892	138	160
OO 2013 12945	1	1
OO 2013 12953	1	1
OO 2013 12954	3	8
OO 2013 12992	1	2
OO 2013 13024	2	2
OO 2013 13029	2	4
OO 2013 13076	0	2
OO 2013 13127	2	2
OO 2013 13158	2	3
OO 2013 13184	2	3
OO 2013 13198	5	5
OO 2013 13204	1	1
OO 2013 13232	0	1
OO 2013 13244	7	12
OO 2013 13256	0	1
OO 2013 13264	7	10
OO 2013 13303	0	0
OO 2013 13342	5	14
OO 2013 13344	2	2
OO 2013 13367	2	2
OO 2013 13388	1	4
OO 2013 13424	2	3
OO 2013 13433	1	7
OO 2013 13476	5	16
OO 2013 13485	0	3
OO 2013 13486	2	6
OO 2013 13487	40	69
OO 2013 13495	0	2
OO 2013 13502	0	1
OO 2013 13796	4	7
OO 2013 13851	5	8
OO 2013 13871	0	7
OO 2013 13891	8	13
OO 2013 13930	23	74
OO 2013 13931	0	0
OO 2013 13964	1	2
OO 2013 14006	2	2
OO 2013 14027	0	1
OO 2013 14057	10	32
OO 2013 14100	0	1
OO 2013 14107	19	58
OO 2013 14108	1	1
OO 2013 14113	3	3
OO 2013 14122	0	1
OO 2013 14252	10	10
OO 2013 14262	16	23
OO 2013 14307	0	1
OO 2013 14457	1	4
OO 2013 14487	3	3
OO 2013 14489	1	10
OO 2013 14492	0	1
OO 2013 14520	3	3
OO 2013 14524	0	0
OO 2013 14543	3	4
OO 2013 14570	6	9
OO 2013 14633	2	2
OO 2013 14635	2	2
OO 2013 14674	1	1
OO 2013 14679	29	31
OO 2013 14683	4	10
OO 2013 14689	10	25
OO 2013 14696	0	7
OO 2013 14698	4	11
OO 2013 14730	1	1
OO 2013 14747	9	17
OO 2013 14771	21	122
OO 2013 14783	1	2
OO 2013 14794	4	4
OO 2013 14831	9	16
OO 2013 14869	164	175
OO 2013 14893	14	27
OO 2013 14905	1	3
OO 2013 14908	2	5
OO 2013 14952	0	2
OO 2013 15016	0	2
OO 2013 15041	1	3
OO 2013 15096	0	0
OO 2013 15304	0	1
OO 2013 15370	4	5
OO 2013 15376	14	14
OO 2013 15380	0	2
OO 2013 15389	0	4
OO 2013 15897	1	3
OO 2013 15919	1	7
OO 2013 16218	6	9
OO 2013 16440	7	14
OO 2014 10140	5	10
OO 2014 10141	0	2
OO 2014 10157	2	8
OO 2014 10257	0	1
OO 2014 10279	2	2
OO 2014 10333	1	1
OO 2014 10372	0	7
OO 2014 10397	7	7
OO 2014 10408	1	1
OO 2014 10431	3	4
OO 2014 10469	1	1
OO 2014 10529	0	2
OO 2014 10561	0	8
OO 2014 10599	1	1
OO 2014 10620	1	3
OO 2014 10627	5	5
OO 2014 10631	2	2
OO 2014 10685	1	1
OO 2014 10693	5	5
OO 2014 10713	2	13
OO 2014 10721	1	1
OO 2014 10739	0	3
OO 2014 10747	0	1
OO 2014 10779	2	2
OO 2014 10781	2	2
OO 2014 10800	4	13
OO 2014 10849	3	7
OO 2014 10874	1	1
OO 2014 10918	1	2
OO 2014 10930	2	3
OO 2014 10990	0	2
OO 2014 10994	0	1
OO 2014 11002	0	3
OO 2014 11003	2	3
OO 2014 11013	2	2
OO 2014 11041	6	8
OO 2014 11042	9	9
OO 2014 11057	1	2
OO 2014 11066	1	1
OO 2014 11076	1	2
OO 2014 11092	1	2
OO 2014 11097	2	2
OO 2014 11109	18	18
OO 2014 11122	6	6
OO 2014 11193	1	6
OO 2014 11203	0	1
OO 2014 11259	1	1
OO 2014 11267	1	2
OO 2014 11278	0	2
OO 2014 11292	47	125
OO 2014 11298	1	10
OO 2014 11315	2	2
OO 2014 11337	0	8
OO 2014 11413	2	4
OO 2014 11423	1	1
OO 2014 11433	12	16
OO 2014 11447	2	2
OO 2014 11471	1	1
OO 2014 11525	1	1
OO 2014 11540	2	5
OO 2014 11587	1	2
OO 2014 11603	8	13
OO 2014 11618	1	1
OO 2014 11637	0	5
OO 2014 11638	1	31
OO 2014 11648	4	4
OO 2014 11695	4	6
OO 2014 11721	1	1
OO 2014 11775	3	6
OO 2014 11823	0	1
OO 2014 11865	2	4
OO 2014 11884	1	2
OO 2014 11898	1	2
OO 2014 11921	2	5
OO 2014 11977	1	2
OO 2014 11986	2	2
OO 2014 12003	0	6
OO 2014 12012	1	1
OO 2014 12094	1	4
OO 2014 12129	1	1
OO 2014 12156	4	4
OO 2014 12206	0	2
OO 2014 12255	0	1
OO 2014 12264	3	4
OO 2014 12266	0	43
OO 2014 12278	1	4
OO 2014 12280	5	7
OO 2014 12335	0	2
OO 2014 12339	3	5
OO 2014 12343	1	1
OO 2014 12389	0	3
OO 2014 12441	0	6
OO 2014 12519	1	1
OO 2014 12884	2	2
OO 2014 12888	0	2
OO 2014 12889	10	14
OO 2014 12892	119	177
OO 2014 12945	1	1
OO 2014 12953	1	1
OO 2014 12954	3	6
OO 2014 12992	1	2
OO 2014 13024	2	2
OO 2014 13029	1	3
OO 2014 13076	1	1
OO 2014 13127	2	2
OO 2014 13158	4	5
OO 2014 13184	2	3
OO 2014 13198	5	10
OO 2014 13232	1	1
OO 2014 13244	2	5
OO 2014 13256	1	2
OO 2014 13264	9	9
OO 2014 13303	2	2
OO 2014 13342	21	25
OO 2014 13344	2	2
OO 2014 13367	0	1
OO 2014 13388	2	3
OO 2014 13424	2	3
OO 2014 13433	3	3
OO 2014 13476	8	11
OO 2014 13485	1	4
OO 2014 13486	4	13
OO 2014 13487	43	64
OO 2014 13495	1	1
OO 2014 13502	1	3
OO 2014 13796	2	7
OO 2014 13851	3	5
OO 2014 13871	0	5
OO 2014 13891	0	13
OO 2014 13930	44	103
OO 2014 13931	0	0
OO 2014 13964	1	1
OO 2014 14006	0	2
OO 2014 14027	1	1
OO 2014 14057	32	36
OO 2014 14107	15	58
OO 2014 14108	1	1
OO 2014 14113	3	3
OO 2014 14122	1	1
OO 2014 14150	2	4
OO 2014 14252	9	11
OO 2014 14262	14	25
OO 2014 14288	0	2
OO 2014 14457	3	4
OO 2014 14487	2	2
OO 2014 14489	9	9
OO 2014 14492	2	2
OO 2014 14520	2	2
OO 2014 14543	1	5
OO 2014 14570	8	8
OO 2014 14633	0	0
OO 2014 14635	1	1
OO 2014 14674	1	1
OO 2014 14679	11	18
OO 2014 14683	6	14
OO 2014 14689	17	18
OO 2014 14696	6	11
OO 2014 14698	10	12
OO 2014 14730	1	1
OO 2014 14747	22	25
OO 2014 14771	119	130
OO 2014 14783	1	1
OO 2014 14794	3	5
OO 2014 14831	11	22
OO 2014 14869	34	154
OO 2014 14893	15	18
OO 2014 14905	2	4
OO 2014 14908	9	9
OO 2014 14952	0	1
OO 2014 15008	1	1
OO 2014 15016	0	2
OO 2014 15041	0	2
OO 2014 15096	0	0
OO 2014 15304	0	1
OO 2014 15370	3	5
OO 2014 15376	18	18
OO 2014 15380	1	2
OO 2014 15389	2	4
OO 2014 15582	1	1
OO 2014 15897	1	3
OO 2014 15919	2	2
OO 2014 16218	7	8
OO 2014 16440	4	12
OO 2015 10140	3	8
OO 2015 10141	0	1
OO 2015 10157	1	5
OO 2015 10257	1	2
OO 2015 10279	1	1
OO 2015 10333	2	2
OO 2015 10372	7	24
OO 2015 10397	0	8
OO 2015 10408	1	1
OO 2015 10431	1	1
OO 2015 10469	0	1
OO 2015 10529	0	0
OO 2015 10561	0	8
OO 2015 10599	1	2
OO 2015 10620	1	4
OO 2015 10627	2	6
OO 2015 10631	1	2
OO 2015 10685	0	1
OO 2015 10693	0	7
OO 2015 10713	13	17
OO 2015 10721	0	1
OO 2015 10739	1	3
OO 2015 10779	1	1
OO 2015 10792	0	0
OO 2015 10800	8	13
OO 2015 10821	1	1
OO 2015 10849	0	4
OO 2015 10874	1	1
OO 2015 10918	2	2
OO 2015 10930	1	1
OO 2015 10990	0	2
OO 2015 10994	0	0
OO 2015 11003	5	6
OO 2015 11013	2	2
OO 2015 11041	1	5
OO 2015 11042	4	4
OO 2015 11057	0	1
OO 2015 11066	3	3
OO 2015 11076	2	2
OO 2015 11092	1	2
OO 2015 11097	2	2
OO 2015 11109	1	11
OO 2015 11122	5	6
OO 2015 11193	8	13
OO 2015 11203	1	1
OO 2015 11259	0	1
OO 2015 11267	0	2
OO 2015 11278	1	3
OO 2015 11292	24	145
OO 2015 11298	3	14
OO 2015 11315	1	2
OO 2015 11337	6	6
OO 2015 11413	0	3
OO 2015 11423	3	5
OO 2015 11433	25	25
OO 2015 11447	0	1
OO 2015 11471	2	2
OO 2015 11525	0	1
OO 2015 11540	2	5
OO 2015 11587	0	2
OO 2015 11603	8	9
OO 2015 11637	2	6
OO 2015 11638	5	20
OO 2015 11648	4	4
OO 2015 11695	4	5
OO 2015 11721	2	2
OO 2015 11775	4	7
OO 2015 11823	1	3
OO 2015 11865	2	4
OO 2015 11884	6	6
OO 2015 11898	1	1
OO 2015 11921	6	6
OO 2015 11977	1	4
OO 2015 11986	2	7
OO 2015 12003	1	4
OO 2015 12012	1	1
OO 2015 12094	1	2
OO 2015 12129	1	3
OO 2015 12156	3	3
OO 2015 12255	0	2
OO 2015 12264	1	1
OO 2015 12266	12	38
OO 2015 12278	4	5
OO 2015 12280	6	6
OO 2015 12335	0	2
OO 2015 12339	1	2
OO 2015 12343	1	2
OO 2015 12389	4	5
OO 2015 12441	2	5
OO 2015 12519	1	2
OO 2015 12884	3	5
OO 2015 12888	1	2
OO 2015 12889	4	8
OO 2015 12892	63	133
OO 2015 12945	1	1
OO 2015 12953	0	1
OO 2015 12954	4	4
OO 2015 12992	0	0
OO 2015 13029	1	1
OO 2015 13076	0	1
OO 2015 13127	2	2
OO 2015 13158	2	2
OO 2015 13184	2	5
OO 2015 13198	3	4
OO 2015 13232	0	1
OO 2015 13244	2	2
OO 2015 13256	1	2
OO 2015 13264	10	10
OO 2015 13303	1	1
OO 2015 13342	6	16
OO 2015 13344	1	2
OO 2015 13367	1	2
OO 2015 13388	1	1
OO 2015 13433	2	4
OO 2015 13476	0	10
OO 2015 13485	6	6
OO 2015 13486	0	3
OO 2015 13487	37	64
OO 2015 13495	1	2
OO 2015 13502	0	4
OO 2015 13796	4	7
OO 2015 13851	5	9
OO 2015 13871	7	8
OO 2015 13891	3	13
OO 2015 13930	93	106
OO 2015 13931	0	1
OO 2015 13964	1	1
OO 2015 14006	0	2
OO 2015 14027	1	1
OO 2015 14057	5	17
OO 2015 14107	11	47
OO 2015 14108	1	1
OO 2015 14113	2	2
OO 2015 14122	1	2
OO 2015 14150	2	2
OO 2015 14252	5	5
OO 2015 14262	9	23
OO 2015 14288	1	2
OO 2015 14457	4	4
OO 2015 14487	1	3
OO 2015 14489	5	5
OO 2015 14492	0	1
OO 2015 14520	1	3
OO 2015 14543	2	4
OO 2015 14570	0	8
OO 2015 14633	0	0
OO 2015 14674	1	1
OO 2015 14679	16	22
OO 2015 14683	0	6
OO 2015 14689	9	19
OO 2015 14696	6	8
OO 2015 14698	6	14
OO 2015 14730	1	1
OO 2015 14747	21	32
OO 2015 14771	75	100
OO 2015 14783	1	2
OO 2015 14794	5	5
OO 2015 14831	0	20
OO 2015 14869	23	139
OO 2015 14893	6	20
OO 2015 14905	1	2
OO 2015 14908	0	8
OO 2015 14952	3	3
OO 2015 15008	2	2
OO 2015 15016	4	5
OO 2015 15041	2	2
OO 2015 15096	1	1
OO 2015 15370	2	4
OO 2015 15376	14	21
OO 2015 15380	1	1
OO 2015 15389	0	2
OO 2015 15582	1	1
OO 2015 15919	2	3
OO 2015 16218	6	6
OO 2015 16440	7	8
UA 2013 10140	0	2
UA 2013 10257	0	1
UA 2013 10299	1	2
UA 2013 10397	0	2
UA 2013 10529	4	4
UA 2013 10620	1	2
UA 2013 10693	1	1
UA 2013 10713	2	2
UA 2013 10721	0	32
UA 2013 10732	0	1
UA 2013 10781	0	1
UA 2013 10792	1	2
UA 2013 10821	3	10
UA 2013 10849	1	1
UA 2013 10994	0	0
UA 2013 11042	30	33
UA 2013 11057	1	1
UA 2013 11066	0	1
UA 2013 11193	0	0
UA 2013 11278	0	20
UA 2013 11292	94	101
UA 2013 11298	6	10
UA 2013 11423	0	2
UA 2013 11433	1	3
UA 2013 11503	2	2
UA 2013 11618	132	132
UA 2013 11630	0	1
UA 2013 11697	11	16
UA 2013 11775	1	1
UA 2013 11884	2	2
UA 2013 11986	0	0
UA 2013 12012	1	1
UA 2013 12016	1	1
UA 2013 12094	0	1
UA 2013 12173	2	14
UA 2013 12264	44	63
UA 2013 12266	160	174
UA 2013 12278	1	1
UA 2013 12339	0	1
UA 2013 12402	1	1
UA 2013 12441	2	2
UA 2013 12451	0	1
UA 2013 12478	13	13
UA 2013 12758	2	3
UA 2013 12889	16	40
UA 2013 12892	77	86
UA 2013 12953	0	13
UA 2013 12982	2	2
UA 2013 13198	0	2
UA 2013 13204	0	32
UA 2013 13230	1	1
UA 2013 13256	1	1
UA 2013 13303	10	10
UA 2013 13485	4	4
UA 2013 13487	7	7
UA 2013 13495	5	14
UA 2013 13502	2	2
UA 2013 13830	2	6
UA 2013 13851	1	1
UA 2013 13871	0	2
UA 2013 13891	1	2
UA 2013 13930	155	183
UA 2013 14027	3	8
UA 2013 14057	16	17
UA 2013 14100	3	12
UA 2013 14107	10	17
UA 2013 14122	7	10
UA 2013 14262	2	2
UA 2013 14307	1	1
UA 2013 14492	1	3
UA 2013 14524	1	1
UA 2013 14570	2	2
UA 2013 14576	0	1
UA 2013 14635	3	9
UA 2013 14679	13	23
UA 2013 14683	0	5
UA 2013 14730	0	5
UA 2013 14747	24	29
UA 2013 14771	64	162
UA 2013 14831	0	4
UA 2013 14843	3	5
UA 2013 14869	2	2
UA 2013 14893	5	8
UA 2013 14908	14	19
UA 2013 14955	0	0
UA 2013 14986	0	1
UA 2013 15016	0	1
UA 2013 15024	2	2
UA 2013 15304	14	18
UA 2013 15370	1	1
UA 2013 16440	9	9
UA 2014 10140	1	1
UA 2014 10208	0	1
UA 2014 10257	1	1
UA 2014 10299	2	3
UA 2014 10397	0	1
UA 2014 10529	3	3
UA 2014 10620	1	2
UA 2014 10693	0	0
UA 2014 10713	1	2
UA 2014 10721	15	34
UA 2014 10732	0	1
UA 2014 10781	0	1
UA 2014 10792	2	2
UA 2014 10821	7	8
UA 2014 10849	0	0
UA 2014 10994	0	0
UA 2014 11042	10	22
UA 2014 11057	1	1
UA 2014 11066	0	0
UA 2014 11278	16	18
UA 2014 11292	110	128
UA 2014 11298	0	8
UA 2014 11423	1	2
UA 2014 11433	4	4
UA 2014 11503	0	1
UA 2014 11618	16	135
UA 2014 11630	2	2
UA 2014 11697	6	15
UA 2014 11775	1	1
UA 2014 11884	1	2
UA 2014 11986	2	2
UA 2014 12012	0	1
UA 2014 12016	1	1
UA 2014 12094	0	1
UA 2014 12173	7	11
UA 2014 12264	25	41
UA 2014 12266	23	180
UA 2014 12278	1	3
UA 2014 12339	1	1
UA 2014 12402	1	1
UA 2014 12441	3	4
UA 2014 12451	0	1
UA 2014 12478	6	14
UA 2014 12758	1	6
UA 2014 12889	1	34
UA 2014 12892	51	86
UA 2014 12953	14	26
UA 2014 12982	2	3
UA 2014 13198	0	1
UA 2014 13204	5	30
UA 2014 13230	1	1
UA 2014 13303	5	9
UA 2014 13485	5	10
UA 2014 13487	2	6
UA 2014 13495	0	9
UA 2014 13502	0	1
UA 2014 13830	0	7
UA 2014 13851	1	1
UA 2014 13871	1	2
UA 2014 13891	0	1
UA 2014 13930	123	129
UA 2014 14027	2	7
UA 2014 14057	18	20
UA 2014 14100	11	13
UA 2014 14107	9	21
UA 2014 14122	2	5
UA 2014 14262	0	1
UA 2014 14307	0	1
UA 2014 14492	2	3
UA 2014 14524	0	0
UA 2014 14570	0	2
UA 2014 14576	0	2
UA 2014 14635	2	4
UA 2014 14679	0	18
UA 2014 14683	0	5
UA 2014 14730	1	6
UA 2014 14747	23	26
UA 2014 14771	4	127
UA 2014 14831	3	4
UA 2014 14843	1	6
UA 2014 14869	1	3
UA 2014 14893	1	8
UA 2014 14908	7	15
UA 2014 14955	0	0
UA 2014 14986	0	1
UA 2014 15016	1	1
UA 2014 15024	1	3
UA 2014 15304	17	20
UA 2014 15370	0	1
UA 2014 16440	5	6
UA 2015 10257	1	2
UA 2015 10299	0	1
UA 2015 10397	5	9
UA 2015 10529	1	3
UA 2015 10620	1	2
UA 2015 10713	1	2
UA 2015 10721	16	16
UA 2015 10732	0	0
UA 2015 10781	0	1
UA 2015 10792	1	1
UA 2015 10821	4	6
UA 2015 10849	0	1
UA 2015 11042	24	24
UA 2015 11057	1	1
UA 2015 11066	0	1
UA 2015 11278	5	9
UA 2015 11292	111	121
UA 2015 11298	6	11
UA 2015 11423	3	3
UA 2015 11433	0	2
UA 2015 11503	2	2
UA 2015 11618	109	129
UA 2015 11697	16	22
UA 2015 11884	0	2
UA 2015 11986	0	0
UA 2015 12012	0	1
UA 2015 12016	1	1
UA 2015 12094	0	1
UA 2015 12173	3	17
UA 2015 12264	6	43
UA 2015 12266	143	154
UA 2015 12278	0	1
UA 2015 12339	0	2
UA 2015 12402	1	1
UA 2015 12441	3	4
UA 2015 12478	9	13
UA 2015 12758	2	3
UA 2015 12889	20	38
UA 2015 12892	29	75
UA 2015 12953	0	27
UA 2015 12982	1	2
UA 2015 13198	1	1
UA 2015 13204	23	33
UA 2015 13230	2	2
UA 2015 13303	0	10
UA 2015 13487	0	2
UA 2015 13495	4	16
UA 2015 13502	1	2
UA 2015 13830	8	8
UA 2015 13851	0	1
UA 2015 13871	1	3
UA 2015 13930	81	153
UA 2015 14027	3	7
UA 2015 14057	8	16
UA 2015 14100	5	5
UA 2015 14107	5	17
UA 2015 14122	0	5
UA 2015 14262	0	0
UA 2015 14492	0	2
UA 2015 14524	1	1
UA 2015 14570	1	3
UA 2015 14576	1	1
UA 2015 14635	6	8
UA 2015 14679	16	19
UA 2015 14683	5	8
UA 2015 14747	21	23
UA 2015 14771	49	115
UA 2015 14831	2	3
UA 2015 14843	3	7
UA 2015 14869	1	5
UA 2015 14893	4	6
UA 2015 14908	7	16
UA 2015 14986	1	1
UA 2015 15016	0	1
UA 2015 15024	1	1
UA 2015 15304	17	21
UA 2015 16440	6	12
US 2013 10140	1	2
US 2013 10257	2	2
US 2013 10299	0	1
US 2013 10397	3	16
US 2013 10529	3	3
US 2013 10693	4	4
US 2013 10713	1	3
US 2013 10721	59	59
US 2013 10785	0	1
US 2013 10792	2	4
US 2013 10821	0	12
US 2013 10994	1	1
US 2013 11042	0	2
US 2013 11057	107	257
US 2013 11066	2	2
US 2013 11252	0	2
US 2013 11278	9	51
US 2013 11292	6	15
US 2013 11298	19	19
US 2013 11423	1	1
US 2013 11433	2	13
US 2013 11618	2	13
US 2013 11697	0	18
US 2013 11884	2	2
US 2013 11995	2	2
US 2013 12173	0	2
US 2013 12264	1	3
US 2013 12266	16	16
US 2013 12323	1	2
US 2013 12339	3	4
US 2013 12451	3	3
US 2013 12478	10	10
US 2013 12758	1	1
US 2013 12889	8	19
US 2013 12892	2	18
US 2013 12953	0	43
US 2013 12954	1	1
US 2013 12982	0	1
US 2013 13198	4	6
US 2013 13204	9	24
US 2013 13230	0	1
US 2013 13244	2	2
US 2013 13296	0	1
US 2013 13303	4	11
US 2013 13342	2	3
US 2013 13487	0	13
US 2013 13495	0	6
US 2013 13577	0	1
US 2013 13796	0	1
US 2013 13830	1	2
US 2013 13871	1	2
US 2013 13891	4	4
US 2013 13930	8	21
US 2013 13931	3	3
US 2013 14027	0	9
US 2013 14057	7	7
US 2013 14100	89	115
US 2013 14107	173	178
US 2013 14122	9	13
US 2013 14307	1	7
US 2013 14321	0	1
US 2013 14492	0	13
US 2013 14524	2	5
US 2013 14570	2	4
US 2013 14576	0	1
US 2013 14635	0	13
US 2013 14679	7	8
US 2013 14683	0	2
US 2013 14730	1	2
US 2013 14747	5	12
US 2013 14771	12	14
US 2013 14831	1	5
US 2013 14843	4	9
US 2013 14869	2	6
US 2013 14893	2	7
US 2013 14908	6	6
US 2013 14986	1	1
US 2013 15016	4	6
US 2013 15024	2	3
US 2013 15027	1	1
US 2013 15096	0	1
US 2013 15304	5	17
US 2013 15376	0	2
US 2013 16440	1	2
US 2014 10140	0	1
US 2014 10257	1	2
US 2014 10299	1	1
US 2014 10397	11	16
US 2014 10529	0	7
US 2014 10599	1	1
US 2014 10693	3	6
US 2014 10713	1	2
US 2014 10721	15	20
US 2014 10785	1	1
US 2014 10792	3	4
US 2014 10800	1	2
US 2014 10821	0	10
US 2014 10994	0	1
US 2014 11042	2	3
US 2014 11057	124	276
US 2014 11066	2	2
US 2014 11252	1	4
US 2014 11278	7	62
US 2014 11292	5	11
US 2014 11298	1	19
US 2014 11423	0	2
US 2014 11433	11	13
US 2014 11618	12	12
US 2014 11697	18	20
US 2014 11884	0	2
US 2014 11995	2	2
US 2014 12173	1	2
US 2014 12266	12	16
US 2014 12323	0	1
US 2014 12339	4	4
US 2014 12451	3	7
US 2014 12478	3	10
US 2014 12758	1	1
US 2014 12889	15	17
US 2014 12892	10	16
US 2014 12953	25	41
US 2014 12954	1	1
US 2014 12982	0	1
US 2014 13198	5	7
US 2014 13204	12	21
US 2014 13230	0	0
US 2014 13244	0	1
US 2014 13296	0	0
US 2014 13303	4	10
US 2014 13342	1	2
US 2014 13487	1	12
US 2014 13495	3	7
US 2014 13796	2	3
US 2014 13830	0	1
US 2014 13871	1	2
US 2014 13891	4	4
US 2014 13930	17	20
US 2014 13931	2	3
US 2014 14027	1	5
US 2014 14057	0	7
US 2014 14100	10	125
US 2014 14107	90	151
US 2014 14122	0	14
US 2014 14307	0	3
US 2014 14321	0	1
US 2014 14492	4	15
US 2014 14524	3	3
US 2014 14570	3	3
US 2014 14576	2	2
US 2014 14635	2	11
US 2014 14679	0	11
US 2014 14683	2	2
US 2014 14730	0	5
US 2014 14747	9	11
US 2014 14771	0	15
US 2014 14831	4	5
US 2014 14843	1	6
US 2014 14869	3	7
US 2014 14893	3	6
US 2014 14908	1	4
US 2014 14986	0	1
US 2014 15016	1	6
US 2014 15024	1	1
US 2014 15027	1	1
US 2014 15096	0	2
US 2014 15304	9	17
US 2014 15376	0	1
US 2014 16440	1	4
US 2015 10257	1	2
US 2015 10299	0	1
US 2015 10397	0	18
US 2015 10529	1	5
US 2015 10693	4	4
US 2015 10713	1	2
US 2015 10721	2	57
US 2015 10792	3	3
US 2015 10821	5	10
US 2015 10994	1	1
US 2015 11042	0	5
US 2015 11057	200	230
US 2015 11066	3	4
US 2015 11278	47	59
US 2015 11292	8	13
US 2015 11298	15	15
US 2015 11423	0	0
US 2015 11433	6	10
US 2015 11618	5	11
US 2015 11697	15	16
US 2015 11884	0	1
US 2015 12173	0	2
US 2015 12266	16	16
US 2015 12323	1	1
US 2015 12339	3	5
US 2015 12451	2	9
US 2015 12478	3	8
US 2015 12758	1	1
US 2015 12889	6	15
US 2015 12892	15	15
US 2015 12953	19	30
US 2015 12982	0	1
US 2015 13198	4	8
US 2015 13204	14	25
US 2015 13230	0	1
US 2015 13244	2	3
US 2015 13303	3	17
US 2015 13342	1	2
US 2015 13487	14	14
US 2015 13495	1	5
US 2015 13796	2	2
US 2015 13830	2	2
US 2015 13871	1	1
US 2015 13891	0	2
US 2015 13930	4	18
US 2015 13931	0	2
US 2015 14027	0	11
US 2015 14057	5	5
US 2015 14100	113	116
US 2015 14107	66	147
US 2015 14122	9	15
US 2015 14307	2	3
US 2015 14321	1	1
US 2015 14492	5	14
US 2015 14524	2	4
US 2015 14570	2	3
US 2015 14576	0	1
US 2015 14635	9	11
US 2015 14679	3	9
US 2015 14683	2	2
US 2015 14747	7	8
US 2015 14771	0	14
US 2015 14831	2	5
US 2015 14843	8	8
US 2015 14869	5	5
US 2015 14893	2	4
US 2015 14908	2	3
US 2015 15016	0	6
US 2015 15024	2	2
US 2015 15027	0	1
US 2015 15096	1	2
US 2015 15304	9	17
US 2015 15376	1	1
US 2015 16440	1	2
VX 2013 10299	0	0
VX 2013 10721	4	6
VX 2013 11278	1	1
VX 2013 11298	4	6
VX 2013 11618	2	5
VX 2013 11697	0	3
VX 2013 12264	4	5
VX 2013 12478	6	10
VX 2013 12889	5	8
VX 2013 12892	25	32
VX 2013 13204	1	1
VX 2013 13930	1	2
VX 2013 14057	3	3
VX 2013 14100	1	3
VX 2013 14262	0	0
VX 2013 14679	4	5
VX 2013 14747	9	9
VX 2013 14771	24	51
VX 2013 14831	1	4
VX 2013 16440	0	1
VX 2014 10721	6	6
VX 2014 11259	2	10
VX 2014 11278	1	4
VX 2014 11298	6	6
VX 2014 11618	4	6
VX 2014 11697	1	4
VX 2014 12264	1	4
VX 2014 12478	12	12
VX 2014 12889	0	11
VX 2014 12892	23	38
VX 2014 12953	2	3
VX 2014 13204	1	1
VX 2014 13930	0	5
VX 2014 14057	0	3
VX 2014 14100	0	3
VX 2014 14262	1	1
VX 2014 14679	2	5
VX 2014 14747	0	8
VX 2014 14771	10	46
VX 2014 14831	2	3
VX 2014 16440	1	1
VX 2015 10721	3	4
VX 2015 11259	7	13
VX 2015 11278	3	4
VX 2015 11618	0	4
VX 2015 11697	5	6
VX 2015 12264	4	4
VX 2015 12478	9	11
VX 2015 12889	7	8
VX 2015 12892	34	36
VX 2015 12953	3	3
VX 2015 13204	1	1
VX 2015 13930	4	5
VX 2015 14057	0	1
VX 2015 14262	0	1
VX 2015 14679	3	5
VX 2015 14747	3	6
VX 2015 14771	0	29
VX 2015 16440	2	2
WN 2013 10140	25	40
WN 2013 10257	7	12
WN 2013 10279	2	7
WN 2013 10397	13	26
WN 2013 10529	17	20
WN 2013 10599	3	16
WN 2013 10643	1	3
WN 2013 10693	21	84
WN 2013 10713	1	11
WN 2013 10721	13	24
WN 2013 10792	7	13
WN 2013 10800	14	43
WN 2013 10821	90	159
WN 2013 10874	3	3
WN 2013 10994	6	7
WN 2013 11042	0	12
WN 2013 11057	1	6
WN 2013 11066	17	22
WN 2013 11140	4	5
WN 2013 11259	12	126
WN 2013 11267	0	1
WN 2013 11278	1	3
WN 2013 11292	114	142
WN 2013 11423	1	2
WN 2013 11433	5	17
WN 2013 11481	5	7
WN 2013 11540	12	21
WN 2013 11618	6	18
WN 2013 11624	3	3
WN 2013 11697	37	42
WN 2013 11721	3	5
WN 2013 11884	5	9
WN 2013 11986	2	6
WN 2013 11996	0	5
WN 2013 12191	149	149
WN 2013 12206	8	8
WN 2013 12264	1	7
WN 2013 12278	3	4
WN 2013 12339	2	17
WN 2013 12391	17	17
WN 2013 12448	0	5
WN 2013 12451	3	15
WN 2013 12889	158	218
WN 2013 12892	40	73
WN 2013 12896	8	8
WN 2013 12953	11	15
WN 2013 12992	3	10
WN 2013 13158	7	10
WN 2013 13198	10	48
WN 2013 13204	60	74
WN 2013 13232	153	229
WN 2013 13244	4	6
WN 2013 13296	1	12
WN 2013 13342	25	31
WN 2013 13487	4	20
WN 2013 13495	6	51
WN 2013 13796	84	98
WN 2013 13851	9	24
WN 2013 13871	0	15
WN 2013 13891	1	34
WN 2013 13931	7	13
WN 2013 14027	0	4
WN 2013 14057	3	31
WN 2013 14100	7	29
WN 2013 14107	107	165
WN 2013 14122	12	17
WN 2013 14193	1	3
WN 2013 14307	0	16
WN 2013 14321	2	3
WN 2013 14492	17	17
WN 2013 14524	0	1
WN 2013 14570	8	16
WN 2013 14576	0	7
WN 2013 14635	4	8
WN 2013 14679	49	86
WN 2013 14683	45	45
WN 2013 14730	12	14
WN 2013 14747	22	22
WN 2013 14771	42	42
WN 2013 14831	26	69
WN 2013 14843	3	9
WN 2013 14869	25	32
WN 2013 14893	0	67
WN 2013 14908	23	48
WN 2013 15016	75	87
WN 2013 15304	9	62
WN 2013 15370	3	16
WN 2013 15376	4	14
WN 2013 16440	10	52
WN 2014 10140	44	44
WN 2014 10257	4	14
WN 2014 10279	4	8
WN 2014 10397	59	59
WN 2014 10529	14	19
WN 2014 10599	9	14
WN 2014 10643	2	3
WN 2014 10693	34	85
WN 2014 10713	2	9
WN 2014 10721	11	17
WN 2014 10792	18	18
WN 2014 10800	4	45
WN 2014 10821	37	198
WN 2014 10874	0	12
WN 2014 10994	5	8
WN 2014 11042	10	13
WN 2014 11057	0	7
WN 2014 11066	9	27
WN 2014 11140	4	4
WN 2014 11259	29	124
WN 2014 11267	5	5
WN 2014 11278	10	10
WN 2014 11292	39	172
WN 2014 11423	1	3
WN 2014 11433	6	14
WN 2014 11481	4	5
WN 2014 11540	5	26
WN 2014 11618	9	18
WN 2014 11624	1	3
WN 2014 11697	26	51
WN 2014 11721	1	4
WN 2014 11884	9	9
WN 2014 11986	4	5
WN 2014 11996	0	4
WN 2014 12191	136	157
WN 2014 12206	2	6
WN 2014 12264	6	7
WN 2014 12278	5	5
WN 2014 12339	11	22
WN 2014 12391	0	17
WN 2014 12448	3	3
WN 2014 12451	12	12
WN 2014 12889	45	213
WN 2014 12892	82	109
WN 2014 12896	0	7
WN 2014 12953	17	33
WN 2014 12992	2	9
WN 2014 13158	9	9
WN 2014 13198	48	72
WN 2014 13204	37	149
WN 2014 13232	180	195
WN 2014 13244	0	6
WN 2014 13296	13	13
WN 2014 13342	3	37
WN 2014 13487	11	23
WN 2014 13495	15	50
WN 2014 13796	0	102
WN 2014 13851	12	19
WN 2014 13871	17	17
WN 2014 13891	12	28
WN 2014 13931	4	6
WN 2014 14027	1	6
WN 2014 14057	0	32
WN 2014 14100	28	29
WN 2014 14107	28	166
WN 2014 14122	0	22
WN 2014 14193	1	3
WN 2014 14307	12	18
WN 2014 14321	1	4
WN 2014 14492	20	28
WN 2014 14524	1	1
WN 2014 14570	3	20
WN 2014 14576	2	6
WN 2014 14635	9	10
WN 2014 14679	5	101
WN 2014 14683	29	30
WN 2014 14730	1	9
WN 2014 14747	11	29
WN 2014 14771	8	46
WN 2014 14831	56	68
WN 2014 14843	0	11
WN 2014 14869	3	28
WN 2014 14893	20	69
WN 2014 14908	33	49
WN 2014 15016	52	93
WN 2014 15304	40	59
WN 2014 15370	16	17
WN 2014 15376	6	13
WN 2014 16440	33	45
WN 2015 10140	19	30
WN 2015 10257	12	12
WN 2015 10279	1	5
WN 2015 10397	117	121
WN 2015 10529	2	18
WN 2015 10599	12	14
WN 2015 10693	8	64
WN 2015 10713	6	8
WN 2015 10721	7	29
WN 2015 10792	1	15
WN 2015 10800	28	42
WN 2015 10821	154	172
WN 2015 10874	9	9
WN 2015 10994	4	6
WN 2015 11042	11	11
WN 2015 11057	0	4
WN 2015 11066	22	27
WN 2015 11140	2	3
WN 2015 11259	147	147
WN 2015 11267	0	4
WN 2015 11278	0	43
WN 2015 11292	1	155
WN 2015 11423	1	3
WN 2015 11433	9	15
WN 2015 11481	2	3
WN 2015 11540	2	17
WN 2015 11618	6	18
WN 2015 11697	57	66
WN 2015 11721	0	5
WN 2015 11884	3	5
WN 2015 11986	7	7
WN 2015 11996	1	4
WN 2015 12191	100	120
WN 2015 12206	3	6
WN 2015 12264	7	7
WN 2015 12278	0	5
WN 2015 12339	23	25
WN 2015 12391	3	12
WN 2015 12451	8	11
WN 2015 12889	181	189
WN 2015 12892	63	115
WN 2015 12896	6	6
WN 2015 12953	5	33
WN 2015 12992	4	7
WN 2015 13158	2	10
WN 2015 13198	15	40
WN 2015 13204	108	119
WN 2015 13232	58	220
WN 2015 13244	3	6
WN 2015 13296	10	10
WN 2015 13342	22	35
WN 2015 13487	0	22
WN 2015 13495	19	52
WN 2015 13796	75	88
WN 2015 13851	8	18
WN 2015 13871	15	15
WN 2015 13891	9	32
WN 2015 13931	1	5
WN 2015 14027	4	6
WN 2015 14057	12	31
WN 2015 14100	26	26
WN 2015 14107	40	162
WN 2015 14122	2	24
WN 2015 14193	0	2
WN 2015 14307	5	16
WN 2015 14321	3	3
WN 2015 14492	5	25
WN 2015 14524	4	4
WN 2015 14570	17	17
WN 2015 14576	4	6
WN 2015 14635	4	27
WN 2015 14679	40	91
WN 2015 14683	38	41
WN 2015 14730	7	12
WN 2015 14747	24	28
WN 2015 14771	32	41
WN 2015 14831	25	63
WN 2015 14843	4	9
WN 2015 14869	12	28
WN 2015 14893	22	64
WN 2015 14908	7	40
WN 2015 15016	42	80
WN 2015 15304	19	75
WN 2015 15370	9	13
WN 2015 15376	7	13
WN 2015 16440	18	49
YV 2013 10135	1	1
YV 2013 10140	2	3
YV 2013 10208	4	6
YV 2013 10257	0	3
YV 2013 10397	1	5
YV 2013 10431	0	1
YV 2013 10434	0	1
YV 2013 10529	2	4
YV 2013 10561	0	2
YV 2013 10599	2	4
YV 2013 10693	2	3
YV 2013 10721	1	1
YV 2013 10785	0	0
YV 2013 10792	0	1
YV 2013 10800	2	4
YV 2013 10821	1	1
YV 2013 10994	3	7
YV 2013 11042	2	3
YV 2013 11057	85	98
YV 2013 11066	1	1
YV 2013 11193	1	3
YV 2013 11252	0	1
YV 2013 11298	1	3
YV 2013 11423	1	2
YV 2013 11433	3	6
YV 2013 11540	2	2
YV 2013 11638	0	4
YV 2013 11641	0	0
YV 2013 11695	0	1
YV 2013 11995	0	4
YV 2013 11996	3	3
YV 2013 12173	7	16
YV 2013 12217	1	2
YV 2013 12264	0	22
YV 2013 12266	0	1
YV 2013 12323	3	4
YV 2013 12339	0	2
YV 2013 12402	2	2
YV 2013 12448	1	1
YV 2013 12451	0	3
YV 2013 12758	6	6
YV 2013 12889	0	2
YV 2013 12945	0	1
YV 2013 12953	2	2
YV 2013 12954	2	4
YV 2013 12982	1	3
YV 2013 12992	1	2
YV 2013 13198	2	2
YV 2013 13230	0	3
YV 2013 13244	4	5
YV 2013 13296	2	2
YV 2013 13303	2	2
YV 2013 13342	1	1
YV 2013 13476	0	0
YV 2013 13485	1	1
YV 2013 13487	0	1
YV 2013 13495	0	1
YV 2013 13577	5	5
YV 2013 13795	1	3
YV 2013 13796	2	3
YV 2013 13830	4	5
YV 2013 13851	2	2
YV 2013 13871	2	2
YV 2013 13891	0	1
YV 2013 13930	16	27
YV 2013 13931	1	3
YV 2013 14100	1	1
YV 2013 14107	19	42
YV 2013 14122	0	1
YV 2013 14193	2	3
YV 2013 14262	1	1
YV 2013 14307	1	1
YV 2013 14321	1	2
YV 2013 14492	3	6
YV 2013 14524	7	7
YV 2013 14570	0	2
YV 2013 14576	1	2
YV 2013 14679	1	1
YV 2013 14683	4	7
YV 2013 14685	3	5
YV 2013 14689	1	1
YV 2013 14696	0	1
YV 2013 14698	0	2
YV 2013 14730	2	4
YV 2013 14831	1	1
YV 2013 14869	0	1
YV 2013 14908	1	1
YV 2013 14986	0	1
YV 2013 15016	0	1
YV 2013 15096	2	3
YV 2013 15323	1	1
YV 2013 15376	4	5
YV 2013 15412	1	1
YV 2013 16218	1	1
YV 2013 16440	3	8
